Node	NodeProbability
1	0.5
2	0.5
3	0.1
4	0.1
5	0.1
6	0.1
7	0.1
8	0.1
9	0.1
10	0.1
11	0.1
12	0.1
13	0.02
14	0.02
15	0.02
16	0.02
17	0.02
18	0.02
19	0.02
20	0.02
21	0.02
22	0.02
23	0.02
24	0.02
25	0.02
26	0.02
27	0.02
28	0.02
29	0.02
30	0.02
31	0.02
32	0.02
33	0.02
34	0.02
35	0.02
36	0.02
37	0.02
38	0.02
39	0.02
40	0.02
41	0.02
42	0.02
43	0.02
44	0.02
45	0.02
46	0.02
47	0.02
48	0.02
49	0.02
50	0.02
51	0.02
52	0.02
53	0.02
54	0.02
55	0.02
56	0.02
57	0.02
58	0.02
59	0.02
60	0.02
61	0.02
62	0.02
63	0.004
64	0.004
65	0.004
66	0.004
67	0.004
68	0.004
69	0.004
70	0.004
71	0.004
72	0.004
73	0.004
74	0.004
75	0.004
76	0.004
77	0.004
78	0.004
79	0.004
80	0.004
81	0.004
82	0.004
83	0.004
84	0.004
85	0.004
86	0.004
87	0.004
88	0.004
89	0.004
90	0.004
91	0.004
92	0.004
93	0.004
94	0.004
95	0.004
96	0.004
97	0.004
98	0.004
99	0.004
100	0.004
101	0.004
102	0.004
103	0.004
104	0.004
105	0.004
106	0.004
107	0.004
108	0.004
109	0.004
110	0.004
111	0.004
112	0.004
113	0.004
114	0.004
115	0.004
116	0.004
117	0.004
118	0.004
119	0.004
120	0.004
121	0.004
122	0.004
123	0.004
124	0.004
125	0.004
126	0.004
127	0.004
128	0.004
129	0.004
130	0.004
131	0.004
132	0.004
133	0.004
134	0.004
135	0.004
136	0.004
137	0.004
138	0.004
139	0.004
140	0.004
141	0.004
142	0.004
143	0.004
144	0.004
145	0.004
146	0.004
147	0.004
148	0.004
149	0.004
150	0.004
151	0.004
152	0.004
153	0.004
154	0.004
155	0.004
156	0.004
157	0.004
158	0.004
159	0.004
160	0.004
161	0.004
162	0.004
163	0.004
164	0.004
165	0.004
166	0.004
167	0.004
168	0.004
169	0.004
170	0.004
171	0.004
172	0.004
173	0.004
174	0.004
175	0.004
176	0.004
177	0.004
178	0.004
179	0.004
180	0.004
181	0.004
182	0.004
183	0.004
184	0.004
185	0.004
186	0.004
187	0.004
188	0.004
189	0.004
190	0.004
191	0.004
192	0.004
193	0.004
194	0.004
195	0.004
196	0.004
197	0.004
198	0.004
199	0.004
200	0.004
201	0.004
202	0.004
203	0.004
204	0.004
205	0.004
206	0.004
207	0.004
208	0.004
209	0.004
210	0.004
211	0.004
212	0.004
213	0.004
214	0.004
215	0.004
216	0.004
217	0.004
218	0.004
219	0.004
220	0.004
221	0.004
222	0.004
223	0.004
224	0.004
225	0.004
226	0.004
227	0.004
228	0.004
229	0.004
230	0.004
231	0.004
232	0.004
233	0.004
234	0.004
235	0.004
236	0.004
237	0.004
238	0.004
239	0.004
240	0.004
241	0.004
242	0.004
243	0.004
244	0.004
245	0.004
246	0.004
247	0.004
248	0.004
249	0.004
250	0.004
251	0.004
252	0.004
253	0.004
254	0.004
255	0.004
256	0.004
257	0.004
258	0.004
259	0.004
260	0.004
261	0.004
262	0.004
263	0.004
264	0.004
265	0.004
266	0.004
267	0.004
268	0.004
269	0.004
270	0.004
271	0.004
272	0.004
273	0.004
274	0.004
275	0.004
276	0.004
277	0.004
278	0.004
279	0.004
280	0.004
281	0.004
282	0.004
283	0.004
284	0.004
285	0.004
286	0.004
287	0.004
288	0.004
289	0.004
290	0.004
291	0.004
292	0.004
293	0.004
294	0.004
295	0.004
296	0.004
297	0.004
298	0.004
299	0.004
300	0.004
301	0.004
302	0.004
303	0.004
304	0.004
305	0.004
306	0.004
307	0.004
308	0.004
309	0.004
310	0.004
311	0.004
312	0.004
313	0.0008
314	0.0008
315	0.0008
316	0.0008
317	0.0008
318	0.0008
319	0.0008
320	0.0008
321	0.0008
322	0.0008
323	0.0008
324	0.0008
325	0.0008
326	0.0008
327	0.0008
328	0.0008
329	0.0008
330	0.0008
331	0.0008
332	0.0008
333	0.0008
334	0.0008
335	0.0008
336	0.0008
337	0.0008
338	0.0008
339	0.0008
340	0.0008
341	0.0008
342	0.0008
343	0.0008
344	0.0008
345	0.0008
346	0.0008
347	0.0008
348	0.0008
349	0.0008
350	0.0008
351	0.0008
352	0.0008
353	0.0008
354	0.0008
355	0.0008
356	0.0008
357	0.0008
358	0.0008
359	0.0008
360	0.0008
361	0.0008
362	0.0008
363	0.0008
364	0.0008
365	0.0008
366	0.0008
367	0.0008
368	0.0008
369	0.0008
370	0.0008
371	0.0008
372	0.0008
373	0.0008
374	0.0008
375	0.0008
376	0.0008
377	0.0008
378	0.0008
379	0.0008
380	0.0008
381	0.0008
382	0.0008
383	0.0008
384	0.0008
385	0.0008
386	0.0008
387	0.0008
388	0.0008
389	0.0008
390	0.0008
391	0.0008
392	0.0008
393	0.0008
394	0.0008
395	0.0008
396	0.0008
397	0.0008
398	0.0008
399	0.0008
400	0.0008
401	0.0008
402	0.0008
403	0.0008
404	0.0008
405	0.0008
406	0.0008
407	0.0008
408	0.0008
409	0.0008
410	0.0008
411	0.0008
412	0.0008
413	0.0008
414	0.0008
415	0.0008
416	0.0008
417	0.0008
418	0.0008
419	0.0008
420	0.0008
421	0.0008
422	0.0008
423	0.0008
424	0.0008
425	0.0008
426	0.0008
427	0.0008
428	0.0008
429	0.0008
430	0.0008
431	0.0008
432	0.0008
433	0.0008
434	0.0008
435	0.0008
436	0.0008
437	0.0008
438	0.0008
439	0.0008
440	0.0008
441	0.0008
442	0.0008
443	0.0008
444	0.0008
445	0.0008
446	0.0008
447	0.0008
448	0.0008
449	0.0008
450	0.0008
451	0.0008
452	0.0008
453	0.0008
454	0.0008
455	0.0008
456	0.0008
457	0.0008
458	0.0008
459	0.0008
460	0.0008
461	0.0008
462	0.0008
463	0.0008
464	0.0008
465	0.0008
466	0.0008
467	0.0008
468	0.0008
469	0.0008
470	0.0008
471	0.0008
472	0.0008
473	0.0008
474	0.0008
475	0.0008
476	0.0008
477	0.0008
478	0.0008
479	0.0008
480	0.0008
481	0.0008
482	0.0008
483	0.0008
484	0.0008
485	0.0008
486	0.0008
487	0.0008
488	0.0008
489	0.0008
490	0.0008
491	0.0008
492	0.0008
493	0.0008
494	0.0008
495	0.0008
496	0.0008
497	0.0008
498	0.0008
499	0.0008
500	0.0008
501	0.0008
502	0.0008
503	0.0008
504	0.0008
505	0.0008
506	0.0008
507	0.0008
508	0.0008
509	0.0008
510	0.0008
511	0.0008
512	0.0008
513	0.0008
514	0.0008
515	0.0008
516	0.0008
517	0.0008
518	0.0008
519	0.0008
520	0.0008
521	0.0008
522	0.0008
523	0.0008
524	0.0008
525	0.0008
526	0.0008
527	0.0008
528	0.0008
529	0.0008
530	0.0008
531	0.0008
532	0.0008
533	0.0008
534	0.0008
535	0.0008
536	0.0008
537	0.0008
538	0.0008
539	0.0008
540	0.0008
541	0.0008
542	0.0008
543	0.0008
544	0.0008
545	0.0008
546	0.0008
547	0.0008
548	0.0008
549	0.0008
550	0.0008
551	0.0008
552	0.0008
553	0.0008
554	0.0008
555	0.0008
556	0.0008
557	0.0008
558	0.0008
559	0.0008
560	0.0008
561	0.0008
562	0.0008
563	0.0008
564	0.0008
565	0.0008
566	0.0008
567	0.0008
568	0.0008
569	0.0008
570	0.0008
571	0.0008
572	0.0008
573	0.0008
574	0.0008
575	0.0008
576	0.0008
577	0.0008
578	0.0008
579	0.0008
580	0.0008
581	0.0008
582	0.0008
583	0.0008
584	0.0008
585	0.0008
586	0.0008
587	0.0008
588	0.0008
589	0.0008
590	0.0008
591	0.0008
592	0.0008
593	0.0008
594	0.0008
595	0.0008
596	0.0008
597	0.0008
598	0.0008
599	0.0008
600	0.0008
601	0.0008
602	0.0008
603	0.0008
604	0.0008
605	0.0008
606	0.0008
607	0.0008
608	0.0008
609	0.0008
610	0.0008
611	0.0008
612	0.0008
613	0.0008
614	0.0008
615	0.0008
616	0.0008
617	0.0008
618	0.0008
619	0.0008
620	0.0008
621	0.0008
622	0.0008
623	0.0008
624	0.0008
625	0.0008
626	0.0008
627	0.0008
628	0.0008
629	0.0008
630	0.0008
631	0.0008
632	0.0008
633	0.0008
634	0.0008
635	0.0008
636	0.0008
637	0.0008
638	0.0008
639	0.0008
640	0.0008
641	0.0008
642	0.0008
643	0.0008
644	0.0008
645	0.0008
646	0.0008
647	0.0008
648	0.0008
649	0.0008
650	0.0008
651	0.0008
652	0.0008
653	0.0008
654	0.0008
655	0.0008
656	0.0008
657	0.0008
658	0.0008
659	0.0008
660	0.0008
661	0.0008
662	0.0008
663	0.0008
664	0.0008
665	0.0008
666	0.0008
667	0.0008
668	0.0008
669	0.0008
670	0.0008
671	0.0008
672	0.0008
673	0.0008
674	0.0008
675	0.0008
676	0.0008
677	0.0008
678	0.0008
679	0.0008
680	0.0008
681	0.0008
682	0.0008
683	0.0008
684	0.0008
685	0.0008
686	0.0008
687	0.0008
688	0.0008
689	0.0008
690	0.0008
691	0.0008
692	0.0008
693	0.0008
694	0.0008
695	0.0008
696	0.0008
697	0.0008
698	0.0008
699	0.0008
700	0.0008
701	0.0008
702	0.0008
703	0.0008
704	0.0008
705	0.0008
706	0.0008
707	0.0008
708	0.0008
709	0.0008
710	0.0008
711	0.0008
712	0.0008
713	0.0008
714	0.0008
715	0.0008
716	0.0008
717	0.0008
718	0.0008
719	0.0008
720	0.0008
721	0.0008
722	0.0008
723	0.0008
724	0.0008
725	0.0008
726	0.0008
727	0.0008
728	0.0008
729	0.0008
730	0.0008
731	0.0008
732	0.0008
733	0.0008
734	0.0008
735	0.0008
736	0.0008
737	0.0008
738	0.0008
739	0.0008
740	0.0008
741	0.0008
742	0.0008
743	0.0008
744	0.0008
745	0.0008
746	0.0008
747	0.0008
748	0.0008
749	0.0008
750	0.0008
751	0.0008
752	0.0008
753	0.0008
754	0.0008
755	0.0008
756	0.0008
757	0.0008
758	0.0008
759	0.0008
760	0.0008
761	0.0008
762	0.0008
763	0.0008
764	0.0008
765	0.0008
766	0.0008
767	0.0008
768	0.0008
769	0.0008
770	0.0008
771	0.0008
772	0.0008
773	0.0008
774	0.0008
775	0.0008
776	0.0008
777	0.0008
778	0.0008
779	0.0008
780	0.0008
781	0.0008
782	0.0008
783	0.0008
784	0.0008
785	0.0008
786	0.0008
787	0.0008
788	0.0008
789	0.0008
790	0.0008
791	0.0008
792	0.0008
793	0.0008
794	0.0008
795	0.0008
796	0.0008
797	0.0008
798	0.0008
799	0.0008
800	0.0008
801	0.0008
802	0.0008
803	0.0008
804	0.0008
805	0.0008
806	0.0008
807	0.0008
808	0.0008
809	0.0008
810	0.0008
811	0.0008
812	0.0008
813	0.0008
814	0.0008
815	0.0008
816	0.0008
817	0.0008
818	0.0008
819	0.0008
820	0.0008
821	0.0008
822	0.0008
823	0.0008
824	0.0008
825	0.0008
826	0.0008
827	0.0008
828	0.0008
829	0.0008
830	0.0008
831	0.0008
832	0.0008
833	0.0008
834	0.0008
835	0.0008
836	0.0008
837	0.0008
838	0.0008
839	0.0008
840	0.0008
841	0.0008
842	0.0008
843	0.0008
844	0.0008
845	0.0008
846	0.0008
847	0.0008
848	0.0008
849	0.0008
850	0.0008
851	0.0008
852	0.0008
853	0.0008
854	0.0008
855	0.0008
856	0.0008
857	0.0008
858	0.0008
859	0.0008
860	0.0008
861	0.0008
862	0.0008
863	0.0008
864	0.0008
865	0.0008
866	0.0008
867	0.0008
868	0.0008
869	0.0008
870	0.0008
871	0.0008
872	0.0008
873	0.0008
874	0.0008
875	0.0008
876	0.0008
877	0.0008
878	0.0008
879	0.0008
880	0.0008
881	0.0008
882	0.0008
883	0.0008
884	0.0008
885	0.0008
886	0.0008
887	0.0008
888	0.0008
889	0.0008
890	0.0008
891	0.0008
892	0.0008
893	0.0008
894	0.0008
895	0.0008
896	0.0008
897	0.0008
898	0.0008
899	0.0008
900	0.0008
901	0.0008
902	0.0008
903	0.0008
904	0.0008
905	0.0008
906	0.0008
907	0.0008
908	0.0008
909	0.0008
910	0.0008
911	0.0008
912	0.0008
913	0.0008
914	0.0008
915	0.0008
916	0.0008
917	0.0008
918	0.0008
919	0.0008
920	0.0008
921	0.0008
922	0.0008
923	0.0008
924	0.0008
925	0.0008
926	0.0008
927	0.0008
928	0.0008
929	0.0008
930	0.0008
931	0.0008
932	0.0008
933	0.0008
934	0.0008
935	0.0008
936	0.0008
937	0.0008
938	0.0008
939	0.0008
940	0.0008
941	0.0008
942	0.0008
943	0.0008
944	0.0008
945	0.0008
946	0.0008
947	0.0008
948	0.0008
949	0.0008
950	0.0008
951	0.0008
952	0.0008
953	0.0008
954	0.0008
955	0.0008
956	0.0008
957	0.0008
958	0.0008
959	0.0008
960	0.0008
961	0.0008
962	0.0008
963	0.0008
964	0.0008
965	0.0008
966	0.0008
967	0.0008
968	0.0008
969	0.0008
970	0.0008
971	0.0008
972	0.0008
973	0.0008
974	0.0008
975	0.0008
976	0.0008
977	0.0008
978	0.0008
979	0.0008
980	0.0008
981	0.0008
982	0.0008
983	0.0008
984	0.0008
985	0.0008
986	0.0008
987	0.0008
988	0.0008
989	0.0008
990	0.0008
991	0.0008
992	0.0008
993	0.0008
994	0.0008
995	0.0008
996	0.0008
997	0.0008
998	0.0008
999	0.0008
1000	0.0008
1001	0.0008
1002	0.0008
1003	0.0008
1004	0.0008
1005	0.0008
1006	0.0008
1007	0.0008
1008	0.0008
1009	0.0008
1010	0.0008
1011	0.0008
1012	0.0008
1013	0.0008
1014	0.0008
1015	0.0008
1016	0.0008
1017	0.0008
1018	0.0008
1019	0.0008
1020	0.0008
1021	0.0008
1022	0.0008
1023	0.0008
1024	0.0008
1025	0.0008
1026	0.0008
1027	0.0008
1028	0.0008
1029	0.0008
1030	0.0008
1031	0.0008
1032	0.0008
1033	0.0008
1034	0.0008
1035	0.0008
1036	0.0008
1037	0.0008
1038	0.0008
1039	0.0008
1040	0.0008
1041	0.0008
1042	0.0008
1043	0.0008
1044	0.0008
1045	0.0008
1046	0.0008
1047	0.0008
1048	0.0008
1049	0.0008
1050	0.0008
1051	0.0008
1052	0.0008
1053	0.0008
1054	0.0008
1055	0.0008
1056	0.0008
1057	0.0008
1058	0.0008
1059	0.0008
1060	0.0008
1061	0.0008
1062	0.0008
1063	0.0008
1064	0.0008
1065	0.0008
1066	0.0008
1067	0.0008
1068	0.0008
1069	0.0008
1070	0.0008
1071	0.0008
1072	0.0008
1073	0.0008
1074	0.0008
1075	0.0008
1076	0.0008
1077	0.0008
1078	0.0008
1079	0.0008
1080	0.0008
1081	0.0008
1082	0.0008
1083	0.0008
1084	0.0008
1085	0.0008
1086	0.0008
1087	0.0008
1088	0.0008
1089	0.0008
1090	0.0008
1091	0.0008
1092	0.0008
1093	0.0008
1094	0.0008
1095	0.0008
1096	0.0008
1097	0.0008
1098	0.0008
1099	0.0008
1100	0.0008
1101	0.0008
1102	0.0008
1103	0.0008
1104	0.0008
1105	0.0008
1106	0.0008
1107	0.0008
1108	0.0008
1109	0.0008
1110	0.0008
1111	0.0008
1112	0.0008
1113	0.0008
1114	0.0008
1115	0.0008
1116	0.0008
1117	0.0008
1118	0.0008
1119	0.0008
1120	0.0008
1121	0.0008
1122	0.0008
1123	0.0008
1124	0.0008
1125	0.0008
1126	0.0008
1127	0.0008
1128	0.0008
1129	0.0008
1130	0.0008
1131	0.0008
1132	0.0008
1133	0.0008
1134	0.0008
1135	0.0008
1136	0.0008
1137	0.0008
1138	0.0008
1139	0.0008
1140	0.0008
1141	0.0008
1142	0.0008
1143	0.0008
1144	0.0008
1145	0.0008
1146	0.0008
1147	0.0008
1148	0.0008
1149	0.0008
1150	0.0008
1151	0.0008
1152	0.0008
1153	0.0008
1154	0.0008
1155	0.0008
1156	0.0008
1157	0.0008
1158	0.0008
1159	0.0008
1160	0.0008
1161	0.0008
1162	0.0008
1163	0.0008
1164	0.0008
1165	0.0008
1166	0.0008
1167	0.0008
1168	0.0008
1169	0.0008
1170	0.0008
1171	0.0008
1172	0.0008
1173	0.0008
1174	0.0008
1175	0.0008
1176	0.0008
1177	0.0008
1178	0.0008
1179	0.0008
1180	0.0008
1181	0.0008
1182	0.0008
1183	0.0008
1184	0.0008
1185	0.0008
1186	0.0008
1187	0.0008
1188	0.0008
1189	0.0008
1190	0.0008
1191	0.0008
1192	0.0008
1193	0.0008
1194	0.0008
1195	0.0008
1196	0.0008
1197	0.0008
1198	0.0008
1199	0.0008
1200	0.0008
1201	0.0008
1202	0.0008
1203	0.0008
1204	0.0008
1205	0.0008
1206	0.0008
1207	0.0008
1208	0.0008
1209	0.0008
1210	0.0008
1211	0.0008
1212	0.0008
1213	0.0008
1214	0.0008
1215	0.0008
1216	0.0008
1217	0.0008
1218	0.0008
1219	0.0008
1220	0.0008
1221	0.0008
1222	0.0008
1223	0.0008
1224	0.0008
1225	0.0008
1226	0.0008
1227	0.0008
1228	0.0008
1229	0.0008
1230	0.0008
1231	0.0008
1232	0.0008
1233	0.0008
1234	0.0008
1235	0.0008
1236	0.0008
1237	0.0008
1238	0.0008
1239	0.0008
1240	0.0008
1241	0.0008
1242	0.0008
1243	0.0008
1244	0.0008
1245	0.0008
1246	0.0008
1247	0.0008
1248	0.0008
1249	0.0008
1250	0.0008
1251	0.0008
1252	0.0008
1253	0.0008
1254	0.0008
1255	0.0008
1256	0.0008
1257	0.0008
1258	0.0008
1259	0.0008
1260	0.0008
1261	0.0008
1262	0.0008
1263	0.0008
1264	0.0008
1265	0.0008
1266	0.0008
1267	0.0008
1268	0.0008
1269	0.0008
1270	0.0008
1271	0.0008
1272	0.0008
1273	0.0008
1274	0.0008
1275	0.0008
1276	0.0008
1277	0.0008
1278	0.0008
1279	0.0008
1280	0.0008
1281	0.0008
1282	0.0008
1283	0.0008
1284	0.0008
1285	0.0008
1286	0.0008
1287	0.0008
1288	0.0008
1289	0.0008
1290	0.0008
1291	0.0008
1292	0.0008
1293	0.0008
1294	0.0008
1295	0.0008
1296	0.0008
1297	0.0008
1298	0.0008
1299	0.0008
1300	0.0008
1301	0.0008
1302	0.0008
1303	0.0008
1304	0.0008
1305	0.0008
1306	0.0008
1307	0.0008
1308	0.0008
1309	0.0008
1310	0.0008
1311	0.0008
1312	0.0008
1313	0.0008
1314	0.0008
1315	0.0008
1316	0.0008
1317	0.0008
1318	0.0008
1319	0.0008
1320	0.0008
1321	0.0008
1322	0.0008
1323	0.0008
1324	0.0008
1325	0.0008
1326	0.0008
1327	0.0008
1328	0.0008
1329	0.0008
1330	0.0008
1331	0.0008
1332	0.0008
1333	0.0008
1334	0.0008
1335	0.0008
1336	0.0008
1337	0.0008
1338	0.0008
1339	0.0008
1340	0.0008
1341	0.0008
1342	0.0008
1343	0.0008
1344	0.0008
1345	0.0008
1346	0.0008
1347	0.0008
1348	0.0008
1349	0.0008
1350	0.0008
1351	0.0008
1352	0.0008
1353	0.0008
1354	0.0008
1355	0.0008
1356	0.0008
1357	0.0008
1358	0.0008
1359	0.0008
1360	0.0008
1361	0.0008
1362	0.0008
1363	0.0008
1364	0.0008
1365	0.0008
1366	0.0008
1367	0.0008
1368	0.0008
1369	0.0008
1370	0.0008
1371	0.0008
1372	0.0008
1373	0.0008
1374	0.0008
1375	0.0008
1376	0.0008
1377	0.0008
1378	0.0008
1379	0.0008
1380	0.0008
1381	0.0008
1382	0.0008
1383	0.0008
1384	0.0008
1385	0.0008
1386	0.0008
1387	0.0008
1388	0.0008
1389	0.0008
1390	0.0008
1391	0.0008
1392	0.0008
1393	0.0008
1394	0.0008
1395	0.0008
1396	0.0008
1397	0.0008
1398	0.0008
1399	0.0008
1400	0.0008
1401	0.0008
1402	0.0008
1403	0.0008
1404	0.0008
1405	0.0008
1406	0.0008
1407	0.0008
1408	0.0008
1409	0.0008
1410	0.0008
1411	0.0008
1412	0.0008
1413	0.0008
1414	0.0008
1415	0.0008
1416	0.0008
1417	0.0008
1418	0.0008
1419	0.0008
1420	0.0008
1421	0.0008
1422	0.0008
1423	0.0008
1424	0.0008
1425	0.0008
1426	0.0008
1427	0.0008
1428	0.0008
1429	0.0008
1430	0.0008
1431	0.0008
1432	0.0008
1433	0.0008
1434	0.0008
1435	0.0008
1436	0.0008
1437	0.0008
1438	0.0008
1439	0.0008
1440	0.0008
1441	0.0008
1442	0.0008
1443	0.0008
1444	0.0008
1445	0.0008
1446	0.0008
1447	0.0008
1448	0.0008
1449	0.0008
1450	0.0008
1451	0.0008
1452	0.0008
1453	0.0008
1454	0.0008
1455	0.0008
1456	0.0008
1457	0.0008
1458	0.0008
1459	0.0008
1460	0.0008
1461	0.0008
1462	0.0008
1463	0.0008
1464	0.0008
1465	0.0008
1466	0.0008
1467	0.0008
1468	0.0008
1469	0.0008
1470	0.0008
1471	0.0008
1472	0.0008
1473	0.0008
1474	0.0008
1475	0.0008
1476	0.0008
1477	0.0008
1478	0.0008
1479	0.0008
1480	0.0008
1481	0.0008
1482	0.0008
1483	0.0008
1484	0.0008
1485	0.0008
1486	0.0008
1487	0.0008
1488	0.0008
1489	0.0008
1490	0.0008
1491	0.0008
1492	0.0008
1493	0.0008
1494	0.0008
1495	0.0008
1496	0.0008
1497	0.0008
1498	0.0008
1499	0.0008
1500	0.0008
1501	0.0008
1502	0.0008
1503	0.0008
1504	0.0008
1505	0.0008
1506	0.0008
1507	0.0008
1508	0.0008
1509	0.0008
1510	0.0008
1511	0.0008
1512	0.0008
1513	0.0008
1514	0.0008
1515	0.0008
1516	0.0008
1517	0.0008
1518	0.0008
1519	0.0008
1520	0.0008
1521	0.0008
1522	0.0008
1523	0.0008
1524	0.0008
1525	0.0008
1526	0.0008
1527	0.0008
1528	0.0008
1529	0.0008
1530	0.0008
1531	0.0008
1532	0.0008
1533	0.0008
1534	0.0008
1535	0.0008
1536	0.0008
1537	0.0008
1538	0.0008
1539	0.0008
1540	0.0008
1541	0.0008
1542	0.0008
1543	0.0008
1544	0.0008
1545	0.0008
1546	0.0008
1547	0.0008
1548	0.0008
1549	0.0008
1550	0.0008
1551	0.0008
1552	0.0008
1553	0.0008
1554	0.0008
1555	0.0008
1556	0.0008
1557	0.0008
1558	0.0008
1559	0.0008
1560	0.0008
1561	0.0008
1562	0.0008
1563	0.00016
1564	0.00016
1565	0.00016
1566	0.00016
1567	0.00016
1568	0.00016
1569	0.00016
1570	0.00016
1571	0.00016
1572	0.00016
1573	0.00016
1574	0.00016
1575	0.00016
1576	0.00016
1577	0.00016
1578	0.00016
1579	0.00016
1580	0.00016
1581	0.00016
1582	0.00016
1583	0.00016
1584	0.00016
1585	0.00016
1586	0.00016
1587	0.00016
1588	0.00016
1589	0.00016
1590	0.00016
1591	0.00016
1592	0.00016
1593	0.00016
1594	0.00016
1595	0.00016
1596	0.00016
1597	0.00016
1598	0.00016
1599	0.00016
1600	0.00016
1601	0.00016
1602	0.00016
1603	0.00016
1604	0.00016
1605	0.00016
1606	0.00016
1607	0.00016
1608	0.00016
1609	0.00016
1610	0.00016
1611	0.00016
1612	0.00016
1613	0.00016
1614	0.00016
1615	0.00016
1616	0.00016
1617	0.00016
1618	0.00016
1619	0.00016
1620	0.00016
1621	0.00016
1622	0.00016
1623	0.00016
1624	0.00016
1625	0.00016
1626	0.00016
1627	0.00016
1628	0.00016
1629	0.00016
1630	0.00016
1631	0.00016
1632	0.00016
1633	0.00016
1634	0.00016
1635	0.00016
1636	0.00016
1637	0.00016
1638	0.00016
1639	0.00016
1640	0.00016
1641	0.00016
1642	0.00016
1643	0.00016
1644	0.00016
1645	0.00016
1646	0.00016
1647	0.00016
1648	0.00016
1649	0.00016
1650	0.00016
1651	0.00016
1652	0.00016
1653	0.00016
1654	0.00016
1655	0.00016
1656	0.00016
1657	0.00016
1658	0.00016
1659	0.00016
1660	0.00016
1661	0.00016
1662	0.00016
1663	0.00016
1664	0.00016
1665	0.00016
1666	0.00016
1667	0.00016
1668	0.00016
1669	0.00016
1670	0.00016
1671	0.00016
1672	0.00016
1673	0.00016
1674	0.00016
1675	0.00016
1676	0.00016
1677	0.00016
1678	0.00016
1679	0.00016
1680	0.00016
1681	0.00016
1682	0.00016
1683	0.00016
1684	0.00016
1685	0.00016
1686	0.00016
1687	0.00016
1688	0.00016
1689	0.00016
1690	0.00016
1691	0.00016
1692	0.00016
1693	0.00016
1694	0.00016
1695	0.00016
1696	0.00016
1697	0.00016
1698	0.00016
1699	0.00016
1700	0.00016
1701	0.00016
1702	0.00016
1703	0.00016
1704	0.00016
1705	0.00016
1706	0.00016
1707	0.00016
1708	0.00016
1709	0.00016
1710	0.00016
1711	0.00016
1712	0.00016
1713	0.00016
1714	0.00016
1715	0.00016
1716	0.00016
1717	0.00016
1718	0.00016
1719	0.00016
1720	0.00016
1721	0.00016
1722	0.00016
1723	0.00016
1724	0.00016
1725	0.00016
1726	0.00016
1727	0.00016
1728	0.00016
1729	0.00016
1730	0.00016
1731	0.00016
1732	0.00016
1733	0.00016
1734	0.00016
1735	0.00016
1736	0.00016
1737	0.00016
1738	0.00016
1739	0.00016
1740	0.00016
1741	0.00016
1742	0.00016
1743	0.00016
1744	0.00016
1745	0.00016
1746	0.00016
1747	0.00016
1748	0.00016
1749	0.00016
1750	0.00016
1751	0.00016
1752	0.00016
1753	0.00016
1754	0.00016
1755	0.00016
1756	0.00016
1757	0.00016
1758	0.00016
1759	0.00016
1760	0.00016
1761	0.00016
1762	0.00016
1763	0.00016
1764	0.00016
1765	0.00016
1766	0.00016
1767	0.00016
1768	0.00016
1769	0.00016
1770	0.00016
1771	0.00016
1772	0.00016
1773	0.00016
1774	0.00016
1775	0.00016
1776	0.00016
1777	0.00016
1778	0.00016
1779	0.00016
1780	0.00016
1781	0.00016
1782	0.00016
1783	0.00016
1784	0.00016
1785	0.00016
1786	0.00016
1787	0.00016
1788	0.00016
1789	0.00016
1790	0.00016
1791	0.00016
1792	0.00016
1793	0.00016
1794	0.00016
1795	0.00016
1796	0.00016
1797	0.00016
1798	0.00016
1799	0.00016
1800	0.00016
1801	0.00016
1802	0.00016
1803	0.00016
1804	0.00016
1805	0.00016
1806	0.00016
1807	0.00016
1808	0.00016
1809	0.00016
1810	0.00016
1811	0.00016
1812	0.00016
1813	0.00016
1814	0.00016
1815	0.00016
1816	0.00016
1817	0.00016
1818	0.00016
1819	0.00016
1820	0.00016
1821	0.00016
1822	0.00016
1823	0.00016
1824	0.00016
1825	0.00016
1826	0.00016
1827	0.00016
1828	0.00016
1829	0.00016
1830	0.00016
1831	0.00016
1832	0.00016
1833	0.00016
1834	0.00016
1835	0.00016
1836	0.00016
1837	0.00016
1838	0.00016
1839	0.00016
1840	0.00016
1841	0.00016
1842	0.00016
1843	0.00016
1844	0.00016
1845	0.00016
1846	0.00016
1847	0.00016
1848	0.00016
1849	0.00016
1850	0.00016
1851	0.00016
1852	0.00016
1853	0.00016
1854	0.00016
1855	0.00016
1856	0.00016
1857	0.00016
1858	0.00016
1859	0.00016
1860	0.00016
1861	0.00016
1862	0.00016
1863	0.00016
1864	0.00016
1865	0.00016
1866	0.00016
1867	0.00016
1868	0.00016
1869	0.00016
1870	0.00016
1871	0.00016
1872	0.00016
1873	0.00016
1874	0.00016
1875	0.00016
1876	0.00016
1877	0.00016
1878	0.00016
1879	0.00016
1880	0.00016
1881	0.00016
1882	0.00016
1883	0.00016
1884	0.00016
1885	0.00016
1886	0.00016
1887	0.00016
1888	0.00016
1889	0.00016
1890	0.00016
1891	0.00016
1892	0.00016
1893	0.00016
1894	0.00016
1895	0.00016
1896	0.00016
1897	0.00016
1898	0.00016
1899	0.00016
1900	0.00016
1901	0.00016
1902	0.00016
1903	0.00016
1904	0.00016
1905	0.00016
1906	0.00016
1907	0.00016
1908	0.00016
1909	0.00016
1910	0.00016
1911	0.00016
1912	0.00016
1913	0.00016
1914	0.00016
1915	0.00016
1916	0.00016
1917	0.00016
1918	0.00016
1919	0.00016
1920	0.00016
1921	0.00016
1922	0.00016
1923	0.00016
1924	0.00016
1925	0.00016
1926	0.00016
1927	0.00016
1928	0.00016
1929	0.00016
1930	0.00016
1931	0.00016
1932	0.00016
1933	0.00016
1934	0.00016
1935	0.00016
1936	0.00016
1937	0.00016
1938	0.00016
1939	0.00016
1940	0.00016
1941	0.00016
1942	0.00016
1943	0.00016
1944	0.00016
1945	0.00016
1946	0.00016
1947	0.00016
1948	0.00016
1949	0.00016
1950	0.00016
1951	0.00016
1952	0.00016
1953	0.00016
1954	0.00016
1955	0.00016
1956	0.00016
1957	0.00016
1958	0.00016
1959	0.00016
1960	0.00016
1961	0.00016
1962	0.00016
1963	0.00016
1964	0.00016
1965	0.00016
1966	0.00016
1967	0.00016
1968	0.00016
1969	0.00016
1970	0.00016
1971	0.00016
1972	0.00016
1973	0.00016
1974	0.00016
1975	0.00016
1976	0.00016
1977	0.00016
1978	0.00016
1979	0.00016
1980	0.00016
1981	0.00016
1982	0.00016
1983	0.00016
1984	0.00016
1985	0.00016
1986	0.00016
1987	0.00016
1988	0.00016
1989	0.00016
1990	0.00016
1991	0.00016
1992	0.00016
1993	0.00016
1994	0.00016
1995	0.00016
1996	0.00016
1997	0.00016
1998	0.00016
1999	0.00016
2000	0.00016
2001	0.00016
2002	0.00016
2003	0.00016
2004	0.00016
2005	0.00016
2006	0.00016
2007	0.00016
2008	0.00016
2009	0.00016
2010	0.00016
2011	0.00016
2012	0.00016
2013	0.00016
2014	0.00016
2015	0.00016
2016	0.00016
2017	0.00016
2018	0.00016
2019	0.00016
2020	0.00016
2021	0.00016
2022	0.00016
2023	0.00016
2024	0.00016
2025	0.00016
2026	0.00016
2027	0.00016
2028	0.00016
2029	0.00016
2030	0.00016
2031	0.00016
2032	0.00016
2033	0.00016
2034	0.00016
2035	0.00016
2036	0.00016
2037	0.00016
2038	0.00016
2039	0.00016
2040	0.00016
2041	0.00016
2042	0.00016
2043	0.00016
2044	0.00016
2045	0.00016
2046	0.00016
2047	0.00016
2048	0.00016
2049	0.00016
2050	0.00016
2051	0.00016
2052	0.00016
2053	0.00016
2054	0.00016
2055	0.00016
2056	0.00016
2057	0.00016
2058	0.00016
2059	0.00016
2060	0.00016
2061	0.00016
2062	0.00016
2063	0.00016
2064	0.00016
2065	0.00016
2066	0.00016
2067	0.00016
2068	0.00016
2069	0.00016
2070	0.00016
2071	0.00016
2072	0.00016
2073	0.00016
2074	0.00016
2075	0.00016
2076	0.00016
2077	0.00016
2078	0.00016
2079	0.00016
2080	0.00016
2081	0.00016
2082	0.00016
2083	0.00016
2084	0.00016
2085	0.00016
2086	0.00016
2087	0.00016
2088	0.00016
2089	0.00016
2090	0.00016
2091	0.00016
2092	0.00016
2093	0.00016
2094	0.00016
2095	0.00016
2096	0.00016
2097	0.00016
2098	0.00016
2099	0.00016
2100	0.00016
2101	0.00016
2102	0.00016
2103	0.00016
2104	0.00016
2105	0.00016
2106	0.00016
2107	0.00016
2108	0.00016
2109	0.00016
2110	0.00016
2111	0.00016
2112	0.00016
2113	0.00016
2114	0.00016
2115	0.00016
2116	0.00016
2117	0.00016
2118	0.00016
2119	0.00016
2120	0.00016
2121	0.00016
2122	0.00016
2123	0.00016
2124	0.00016
2125	0.00016
2126	0.00016
2127	0.00016
2128	0.00016
2129	0.00016
2130	0.00016
2131	0.00016
2132	0.00016
2133	0.00016
2134	0.00016
2135	0.00016
2136	0.00016
2137	0.00016
2138	0.00016
2139	0.00016
2140	0.00016
2141	0.00016
2142	0.00016
2143	0.00016
2144	0.00016
2145	0.00016
2146	0.00016
2147	0.00016
2148	0.00016
2149	0.00016
2150	0.00016
2151	0.00016
2152	0.00016
2153	0.00016
2154	0.00016
2155	0.00016
2156	0.00016
2157	0.00016
2158	0.00016
2159	0.00016
2160	0.00016
2161	0.00016
2162	0.00016
2163	0.00016
2164	0.00016
2165	0.00016
2166	0.00016
2167	0.00016
2168	0.00016
2169	0.00016
2170	0.00016
2171	0.00016
2172	0.00016
2173	0.00016
2174	0.00016
2175	0.00016
2176	0.00016
2177	0.00016
2178	0.00016
2179	0.00016
2180	0.00016
2181	0.00016
2182	0.00016
2183	0.00016
2184	0.00016
2185	0.00016
2186	0.00016
2187	0.00016
2188	0.00016
2189	0.00016
2190	0.00016
2191	0.00016
2192	0.00016
2193	0.00016
2194	0.00016
2195	0.00016
2196	0.00016
2197	0.00016
2198	0.00016
2199	0.00016
2200	0.00016
2201	0.00016
2202	0.00016
2203	0.00016
2204	0.00016
2205	0.00016
2206	0.00016
2207	0.00016
2208	0.00016
2209	0.00016
2210	0.00016
2211	0.00016
2212	0.00016
2213	0.00016
2214	0.00016
2215	0.00016
2216	0.00016
2217	0.00016
2218	0.00016
2219	0.00016
2220	0.00016
2221	0.00016
2222	0.00016
2223	0.00016
2224	0.00016
2225	0.00016
2226	0.00016
2227	0.00016
2228	0.00016
2229	0.00016
2230	0.00016
2231	0.00016
2232	0.00016
2233	0.00016
2234	0.00016
2235	0.00016
2236	0.00016
2237	0.00016
2238	0.00016
2239	0.00016
2240	0.00016
2241	0.00016
2242	0.00016
2243	0.00016
2244	0.00016
2245	0.00016
2246	0.00016
2247	0.00016
2248	0.00016
2249	0.00016
2250	0.00016
2251	0.00016
2252	0.00016
2253	0.00016
2254	0.00016
2255	0.00016
2256	0.00016
2257	0.00016
2258	0.00016
2259	0.00016
2260	0.00016
2261	0.00016
2262	0.00016
2263	0.00016
2264	0.00016
2265	0.00016
2266	0.00016
2267	0.00016
2268	0.00016
2269	0.00016
2270	0.00016
2271	0.00016
2272	0.00016
2273	0.00016
2274	0.00016
2275	0.00016
2276	0.00016
2277	0.00016
2278	0.00016
2279	0.00016
2280	0.00016
2281	0.00016
2282	0.00016
2283	0.00016
2284	0.00016
2285	0.00016
2286	0.00016
2287	0.00016
2288	0.00016
2289	0.00016
2290	0.00016
2291	0.00016
2292	0.00016
2293	0.00016
2294	0.00016
2295	0.00016
2296	0.00016
2297	0.00016
2298	0.00016
2299	0.00016
2300	0.00016
2301	0.00016
2302	0.00016
2303	0.00016
2304	0.00016
2305	0.00016
2306	0.00016
2307	0.00016
2308	0.00016
2309	0.00016
2310	0.00016
2311	0.00016
2312	0.00016
2313	0.00016
2314	0.00016
2315	0.00016
2316	0.00016
2317	0.00016
2318	0.00016
2319	0.00016
2320	0.00016
2321	0.00016
2322	0.00016
2323	0.00016
2324	0.00016
2325	0.00016
2326	0.00016
2327	0.00016
2328	0.00016
2329	0.00016
2330	0.00016
2331	0.00016
2332	0.00016
2333	0.00016
2334	0.00016
2335	0.00016
2336	0.00016
2337	0.00016
2338	0.00016
2339	0.00016
2340	0.00016
2341	0.00016
2342	0.00016
2343	0.00016
2344	0.00016
2345	0.00016
2346	0.00016
2347	0.00016
2348	0.00016
2349	0.00016
2350	0.00016
2351	0.00016
2352	0.00016
2353	0.00016
2354	0.00016
2355	0.00016
2356	0.00016
2357	0.00016
2358	0.00016
2359	0.00016
2360	0.00016
2361	0.00016
2362	0.00016
2363	0.00016
2364	0.00016
2365	0.00016
2366	0.00016
2367	0.00016
2368	0.00016
2369	0.00016
2370	0.00016
2371	0.00016
2372	0.00016
2373	0.00016
2374	0.00016
2375	0.00016
2376	0.00016
2377	0.00016
2378	0.00016
2379	0.00016
2380	0.00016
2381	0.00016
2382	0.00016
2383	0.00016
2384	0.00016
2385	0.00016
2386	0.00016
2387	0.00016
2388	0.00016
2389	0.00016
2390	0.00016
2391	0.00016
2392	0.00016
2393	0.00016
2394	0.00016
2395	0.00016
2396	0.00016
2397	0.00016
2398	0.00016
2399	0.00016
2400	0.00016
2401	0.00016
2402	0.00016
2403	0.00016
2404	0.00016
2405	0.00016
2406	0.00016
2407	0.00016
2408	0.00016
2409	0.00016
2410	0.00016
2411	0.00016
2412	0.00016
2413	0.00016
2414	0.00016
2415	0.00016
2416	0.00016
2417	0.00016
2418	0.00016
2419	0.00016
2420	0.00016
2421	0.00016
2422	0.00016
2423	0.00016
2424	0.00016
2425	0.00016
2426	0.00016
2427	0.00016
2428	0.00016
2429	0.00016
2430	0.00016
2431	0.00016
2432	0.00016
2433	0.00016
2434	0.00016
2435	0.00016
2436	0.00016
2437	0.00016
2438	0.00016
2439	0.00016
2440	0.00016
2441	0.00016
2442	0.00016
2443	0.00016
2444	0.00016
2445	0.00016
2446	0.00016
2447	0.00016
2448	0.00016
2449	0.00016
2450	0.00016
2451	0.00016
2452	0.00016
2453	0.00016
2454	0.00016
2455	0.00016
2456	0.00016
2457	0.00016
2458	0.00016
2459	0.00016
2460	0.00016
2461	0.00016
2462	0.00016
2463	0.00016
2464	0.00016
2465	0.00016
2466	0.00016
2467	0.00016
2468	0.00016
2469	0.00016
2470	0.00016
2471	0.00016
2472	0.00016
2473	0.00016
2474	0.00016
2475	0.00016
2476	0.00016
2477	0.00016
2478	0.00016
2479	0.00016
2480	0.00016
2481	0.00016
2482	0.00016
2483	0.00016
2484	0.00016
2485	0.00016
2486	0.00016
2487	0.00016
2488	0.00016
2489	0.00016
2490	0.00016
2491	0.00016
2492	0.00016
2493	0.00016
2494	0.00016
2495	0.00016
2496	0.00016
2497	0.00016
2498	0.00016
2499	0.00016
2500	0.00016
2501	0.00016
2502	0.00016
2503	0.00016
2504	0.00016
2505	0.00016
2506	0.00016
2507	0.00016
2508	0.00016
2509	0.00016
2510	0.00016
2511	0.00016
2512	0.00016
2513	0.00016
2514	0.00016
2515	0.00016
2516	0.00016
2517	0.00016
2518	0.00016
2519	0.00016
2520	0.00016
2521	0.00016
2522	0.00016
2523	0.00016
2524	0.00016
2525	0.00016
2526	0.00016
2527	0.00016
2528	0.00016
2529	0.00016
2530	0.00016
2531	0.00016
2532	0.00016
2533	0.00016
2534	0.00016
2535	0.00016
2536	0.00016
2537	0.00016
2538	0.00016
2539	0.00016
2540	0.00016
2541	0.00016
2542	0.00016
2543	0.00016
2544	0.00016
2545	0.00016
2546	0.00016
2547	0.00016
2548	0.00016
2549	0.00016
2550	0.00016
2551	0.00016
2552	0.00016
2553	0.00016
2554	0.00016
2555	0.00016
2556	0.00016
2557	0.00016
2558	0.00016
2559	0.00016
2560	0.00016
2561	0.00016
2562	0.00016
2563	0.00016
2564	0.00016
2565	0.00016
2566	0.00016
2567	0.00016
2568	0.00016
2569	0.00016
2570	0.00016
2571	0.00016
2572	0.00016
2573	0.00016
2574	0.00016
2575	0.00016
2576	0.00016
2577	0.00016
2578	0.00016
2579	0.00016
2580	0.00016
2581	0.00016
2582	0.00016
2583	0.00016
2584	0.00016
2585	0.00016
2586	0.00016
2587	0.00016
2588	0.00016
2589	0.00016
2590	0.00016
2591	0.00016
2592	0.00016
2593	0.00016
2594	0.00016
2595	0.00016
2596	0.00016
2597	0.00016
2598	0.00016
2599	0.00016
2600	0.00016
2601	0.00016
2602	0.00016
2603	0.00016
2604	0.00016
2605	0.00016
2606	0.00016
2607	0.00016
2608	0.00016
2609	0.00016
2610	0.00016
2611	0.00016
2612	0.00016
2613	0.00016
2614	0.00016
2615	0.00016
2616	0.00016
2617	0.00016
2618	0.00016
2619	0.00016
2620	0.00016
2621	0.00016
2622	0.00016
2623	0.00016
2624	0.00016
2625	0.00016
2626	0.00016
2627	0.00016
2628	0.00016
2629	0.00016
2630	0.00016
2631	0.00016
2632	0.00016
2633	0.00016
2634	0.00016
2635	0.00016
2636	0.00016
2637	0.00016
2638	0.00016
2639	0.00016
2640	0.00016
2641	0.00016
2642	0.00016
2643	0.00016
2644	0.00016
2645	0.00016
2646	0.00016
2647	0.00016
2648	0.00016
2649	0.00016
2650	0.00016
2651	0.00016
2652	0.00016
2653	0.00016
2654	0.00016
2655	0.00016
2656	0.00016
2657	0.00016
2658	0.00016
2659	0.00016
2660	0.00016
2661	0.00016
2662	0.00016
2663	0.00016
2664	0.00016
2665	0.00016
2666	0.00016
2667	0.00016
2668	0.00016
2669	0.00016
2670	0.00016
2671	0.00016
2672	0.00016
2673	0.00016
2674	0.00016
2675	0.00016
2676	0.00016
2677	0.00016
2678	0.00016
2679	0.00016
2680	0.00016
2681	0.00016
2682	0.00016
2683	0.00016
2684	0.00016
2685	0.00016
2686	0.00016
2687	0.00016
2688	0.00016
2689	0.00016
2690	0.00016
2691	0.00016
2692	0.00016
2693	0.00016
2694	0.00016
2695	0.00016
2696	0.00016
2697	0.00016
2698	0.00016
2699	0.00016
2700	0.00016
2701	0.00016
2702	0.00016
2703	0.00016
2704	0.00016
2705	0.00016
2706	0.00016
2707	0.00016
2708	0.00016
2709	0.00016
2710	0.00016
2711	0.00016
2712	0.00016
2713	0.00016
2714	0.00016
2715	0.00016
2716	0.00016
2717	0.00016
2718	0.00016
2719	0.00016
2720	0.00016
2721	0.00016
2722	0.00016
2723	0.00016
2724	0.00016
2725	0.00016
2726	0.00016
2727	0.00016
2728	0.00016
2729	0.00016
2730	0.00016
2731	0.00016
2732	0.00016
2733	0.00016
2734	0.00016
2735	0.00016
2736	0.00016
2737	0.00016
2738	0.00016
2739	0.00016
2740	0.00016
2741	0.00016
2742	0.00016
2743	0.00016
2744	0.00016
2745	0.00016
2746	0.00016
2747	0.00016
2748	0.00016
2749	0.00016
2750	0.00016
2751	0.00016
2752	0.00016
2753	0.00016
2754	0.00016
2755	0.00016
2756	0.00016
2757	0.00016
2758	0.00016
2759	0.00016
2760	0.00016
2761	0.00016
2762	0.00016
2763	0.00016
2764	0.00016
2765	0.00016
2766	0.00016
2767	0.00016
2768	0.00016
2769	0.00016
2770	0.00016
2771	0.00016
2772	0.00016
2773	0.00016
2774	0.00016
2775	0.00016
2776	0.00016
2777	0.00016
2778	0.00016
2779	0.00016
2780	0.00016
2781	0.00016
2782	0.00016
2783	0.00016
2784	0.00016
2785	0.00016
2786	0.00016
2787	0.00016
2788	0.00016
2789	0.00016
2790	0.00016
2791	0.00016
2792	0.00016
2793	0.00016
2794	0.00016
2795	0.00016
2796	0.00016
2797	0.00016
2798	0.00016
2799	0.00016
2800	0.00016
2801	0.00016
2802	0.00016
2803	0.00016
2804	0.00016
2805	0.00016
2806	0.00016
2807	0.00016
2808	0.00016
2809	0.00016
2810	0.00016
2811	0.00016
2812	0.00016
2813	0.00016
2814	0.00016
2815	0.00016
2816	0.00016
2817	0.00016
2818	0.00016
2819	0.00016
2820	0.00016
2821	0.00016
2822	0.00016
2823	0.00016
2824	0.00016
2825	0.00016
2826	0.00016
2827	0.00016
2828	0.00016
2829	0.00016
2830	0.00016
2831	0.00016
2832	0.00016
2833	0.00016
2834	0.00016
2835	0.00016
2836	0.00016
2837	0.00016
2838	0.00016
2839	0.00016
2840	0.00016
2841	0.00016
2842	0.00016
2843	0.00016
2844	0.00016
2845	0.00016
2846	0.00016
2847	0.00016
2848	0.00016
2849	0.00016
2850	0.00016
2851	0.00016
2852	0.00016
2853	0.00016
2854	0.00016
2855	0.00016
2856	0.00016
2857	0.00016
2858	0.00016
2859	0.00016
2860	0.00016
2861	0.00016
2862	0.00016
2863	0.00016
2864	0.00016
2865	0.00016
2866	0.00016
2867	0.00016
2868	0.00016
2869	0.00016
2870	0.00016
2871	0.00016
2872	0.00016
2873	0.00016
2874	0.00016
2875	0.00016
2876	0.00016
2877	0.00016
2878	0.00016
2879	0.00016
2880	0.00016
2881	0.00016
2882	0.00016
2883	0.00016
2884	0.00016
2885	0.00016
2886	0.00016
2887	0.00016
2888	0.00016
2889	0.00016
2890	0.00016
2891	0.00016
2892	0.00016
2893	0.00016
2894	0.00016
2895	0.00016
2896	0.00016
2897	0.00016
2898	0.00016
2899	0.00016
2900	0.00016
2901	0.00016
2902	0.00016
2903	0.00016
2904	0.00016
2905	0.00016
2906	0.00016
2907	0.00016
2908	0.00016
2909	0.00016
2910	0.00016
2911	0.00016
2912	0.00016
2913	0.00016
2914	0.00016
2915	0.00016
2916	0.00016
2917	0.00016
2918	0.00016
2919	0.00016
2920	0.00016
2921	0.00016
2922	0.00016
2923	0.00016
2924	0.00016
2925	0.00016
2926	0.00016
2927	0.00016
2928	0.00016
2929	0.00016
2930	0.00016
2931	0.00016
2932	0.00016
2933	0.00016
2934	0.00016
2935	0.00016
2936	0.00016
2937	0.00016
2938	0.00016
2939	0.00016
2940	0.00016
2941	0.00016
2942	0.00016
2943	0.00016
2944	0.00016
2945	0.00016
2946	0.00016
2947	0.00016
2948	0.00016
2949	0.00016
2950	0.00016
2951	0.00016
2952	0.00016
2953	0.00016
2954	0.00016
2955	0.00016
2956	0.00016
2957	0.00016
2958	0.00016
2959	0.00016
2960	0.00016
2961	0.00016
2962	0.00016
2963	0.00016
2964	0.00016
2965	0.00016
2966	0.00016
2967	0.00016
2968	0.00016
2969	0.00016
2970	0.00016
2971	0.00016
2972	0.00016
2973	0.00016
2974	0.00016
2975	0.00016
2976	0.00016
2977	0.00016
2978	0.00016
2979	0.00016
2980	0.00016
2981	0.00016
2982	0.00016
2983	0.00016
2984	0.00016
2985	0.00016
2986	0.00016
2987	0.00016
2988	0.00016
2989	0.00016
2990	0.00016
2991	0.00016
2992	0.00016
2993	0.00016
2994	0.00016
2995	0.00016
2996	0.00016
2997	0.00016
2998	0.00016
2999	0.00016
3000	0.00016
3001	0.00016
3002	0.00016
3003	0.00016
3004	0.00016
3005	0.00016
3006	0.00016
3007	0.00016
3008	0.00016
3009	0.00016
3010	0.00016
3011	0.00016
3012	0.00016
3013	0.00016
3014	0.00016
3015	0.00016
3016	0.00016
3017	0.00016
3018	0.00016
3019	0.00016
3020	0.00016
3021	0.00016
3022	0.00016
3023	0.00016
3024	0.00016
3025	0.00016
3026	0.00016
3027	0.00016
3028	0.00016
3029	0.00016
3030	0.00016
3031	0.00016
3032	0.00016
3033	0.00016
3034	0.00016
3035	0.00016
3036	0.00016
3037	0.00016
3038	0.00016
3039	0.00016
3040	0.00016
3041	0.00016
3042	0.00016
3043	0.00016
3044	0.00016
3045	0.00016
3046	0.00016
3047	0.00016
3048	0.00016
3049	0.00016
3050	0.00016
3051	0.00016
3052	0.00016
3053	0.00016
3054	0.00016
3055	0.00016
3056	0.00016
3057	0.00016
3058	0.00016
3059	0.00016
3060	0.00016
3061	0.00016
3062	0.00016
3063	0.00016
3064	0.00016
3065	0.00016
3066	0.00016
3067	0.00016
3068	0.00016
3069	0.00016
3070	0.00016
3071	0.00016
3072	0.00016
3073	0.00016
3074	0.00016
3075	0.00016
3076	0.00016
3077	0.00016
3078	0.00016
3079	0.00016
3080	0.00016
3081	0.00016
3082	0.00016
3083	0.00016
3084	0.00016
3085	0.00016
3086	0.00016
3087	0.00016
3088	0.00016
3089	0.00016
3090	0.00016
3091	0.00016
3092	0.00016
3093	0.00016
3094	0.00016
3095	0.00016
3096	0.00016
3097	0.00016
3098	0.00016
3099	0.00016
3100	0.00016
3101	0.00016
3102	0.00016
3103	0.00016
3104	0.00016
3105	0.00016
3106	0.00016
3107	0.00016
3108	0.00016
3109	0.00016
3110	0.00016
3111	0.00016
3112	0.00016
3113	0.00016
3114	0.00016
3115	0.00016
3116	0.00016
3117	0.00016
3118	0.00016
3119	0.00016
3120	0.00016
3121	0.00016
3122	0.00016
3123	0.00016
3124	0.00016
3125	0.00016
3126	0.00016
3127	0.00016
3128	0.00016
3129	0.00016
3130	0.00016
3131	0.00016
3132	0.00016
3133	0.00016
3134	0.00016
3135	0.00016
3136	0.00016
3137	0.00016
3138	0.00016
3139	0.00016
3140	0.00016
3141	0.00016
3142	0.00016
3143	0.00016
3144	0.00016
3145	0.00016
3146	0.00016
3147	0.00016
3148	0.00016
3149	0.00016
3150	0.00016
3151	0.00016
3152	0.00016
3153	0.00016
3154	0.00016
3155	0.00016
3156	0.00016
3157	0.00016
3158	0.00016
3159	0.00016
3160	0.00016
3161	0.00016
3162	0.00016
3163	0.00016
3164	0.00016
3165	0.00016
3166	0.00016
3167	0.00016
3168	0.00016
3169	0.00016
3170	0.00016
3171	0.00016
3172	0.00016
3173	0.00016
3174	0.00016
3175	0.00016
3176	0.00016
3177	0.00016
3178	0.00016
3179	0.00016
3180	0.00016
3181	0.00016
3182	0.00016
3183	0.00016
3184	0.00016
3185	0.00016
3186	0.00016
3187	0.00016
3188	0.00016
3189	0.00016
3190	0.00016
3191	0.00016
3192	0.00016
3193	0.00016
3194	0.00016
3195	0.00016
3196	0.00016
3197	0.00016
3198	0.00016
3199	0.00016
3200	0.00016
3201	0.00016
3202	0.00016
3203	0.00016
3204	0.00016
3205	0.00016
3206	0.00016
3207	0.00016
3208	0.00016
3209	0.00016
3210	0.00016
3211	0.00016
3212	0.00016
3213	0.00016
3214	0.00016
3215	0.00016
3216	0.00016
3217	0.00016
3218	0.00016
3219	0.00016
3220	0.00016
3221	0.00016
3222	0.00016
3223	0.00016
3224	0.00016
3225	0.00016
3226	0.00016
3227	0.00016
3228	0.00016
3229	0.00016
3230	0.00016
3231	0.00016
3232	0.00016
3233	0.00016
3234	0.00016
3235	0.00016
3236	0.00016
3237	0.00016
3238	0.00016
3239	0.00016
3240	0.00016
3241	0.00016
3242	0.00016
3243	0.00016
3244	0.00016
3245	0.00016
3246	0.00016
3247	0.00016
3248	0.00016
3249	0.00016
3250	0.00016
3251	0.00016
3252	0.00016
3253	0.00016
3254	0.00016
3255	0.00016
3256	0.00016
3257	0.00016
3258	0.00016
3259	0.00016
3260	0.00016
3261	0.00016
3262	0.00016
3263	0.00016
3264	0.00016
3265	0.00016
3266	0.00016
3267	0.00016
3268	0.00016
3269	0.00016
3270	0.00016
3271	0.00016
3272	0.00016
3273	0.00016
3274	0.00016
3275	0.00016
3276	0.00016
3277	0.00016
3278	0.00016
3279	0.00016
3280	0.00016
3281	0.00016
3282	0.00016
3283	0.00016
3284	0.00016
3285	0.00016
3286	0.00016
3287	0.00016
3288	0.00016
3289	0.00016
3290	0.00016
3291	0.00016
3292	0.00016
3293	0.00016
3294	0.00016
3295	0.00016
3296	0.00016
3297	0.00016
3298	0.00016
3299	0.00016
3300	0.00016
3301	0.00016
3302	0.00016
3303	0.00016
3304	0.00016
3305	0.00016
3306	0.00016
3307	0.00016
3308	0.00016
3309	0.00016
3310	0.00016
3311	0.00016
3312	0.00016
3313	0.00016
3314	0.00016
3315	0.00016
3316	0.00016
3317	0.00016
3318	0.00016
3319	0.00016
3320	0.00016
3321	0.00016
3322	0.00016
3323	0.00016
3324	0.00016
3325	0.00016
3326	0.00016
3327	0.00016
3328	0.00016
3329	0.00016
3330	0.00016
3331	0.00016
3332	0.00016
3333	0.00016
3334	0.00016
3335	0.00016
3336	0.00016
3337	0.00016
3338	0.00016
3339	0.00016
3340	0.00016
3341	0.00016
3342	0.00016
3343	0.00016
3344	0.00016
3345	0.00016
3346	0.00016
3347	0.00016
3348	0.00016
3349	0.00016
3350	0.00016
3351	0.00016
3352	0.00016
3353	0.00016
3354	0.00016
3355	0.00016
3356	0.00016
3357	0.00016
3358	0.00016
3359	0.00016
3360	0.00016
3361	0.00016
3362	0.00016
3363	0.00016
3364	0.00016
3365	0.00016
3366	0.00016
3367	0.00016
3368	0.00016
3369	0.00016
3370	0.00016
3371	0.00016
3372	0.00016
3373	0.00016
3374	0.00016
3375	0.00016
3376	0.00016
3377	0.00016
3378	0.00016
3379	0.00016
3380	0.00016
3381	0.00016
3382	0.00016
3383	0.00016
3384	0.00016
3385	0.00016
3386	0.00016
3387	0.00016
3388	0.00016
3389	0.00016
3390	0.00016
3391	0.00016
3392	0.00016
3393	0.00016
3394	0.00016
3395	0.00016
3396	0.00016
3397	0.00016
3398	0.00016
3399	0.00016
3400	0.00016
3401	0.00016
3402	0.00016
3403	0.00016
3404	0.00016
3405	0.00016
3406	0.00016
3407	0.00016
3408	0.00016
3409	0.00016
3410	0.00016
3411	0.00016
3412	0.00016
3413	0.00016
3414	0.00016
3415	0.00016
3416	0.00016
3417	0.00016
3418	0.00016
3419	0.00016
3420	0.00016
3421	0.00016
3422	0.00016
3423	0.00016
3424	0.00016
3425	0.00016
3426	0.00016
3427	0.00016
3428	0.00016
3429	0.00016
3430	0.00016
3431	0.00016
3432	0.00016
3433	0.00016
3434	0.00016
3435	0.00016
3436	0.00016
3437	0.00016
3438	0.00016
3439	0.00016
3440	0.00016
3441	0.00016
3442	0.00016
3443	0.00016
3444	0.00016
3445	0.00016
3446	0.00016
3447	0.00016
3448	0.00016
3449	0.00016
3450	0.00016
3451	0.00016
3452	0.00016
3453	0.00016
3454	0.00016
3455	0.00016
3456	0.00016
3457	0.00016
3458	0.00016
3459	0.00016
3460	0.00016
3461	0.00016
3462	0.00016
3463	0.00016
3464	0.00016
3465	0.00016
3466	0.00016
3467	0.00016
3468	0.00016
3469	0.00016
3470	0.00016
3471	0.00016
3472	0.00016
3473	0.00016
3474	0.00016
3475	0.00016
3476	0.00016
3477	0.00016
3478	0.00016
3479	0.00016
3480	0.00016
3481	0.00016
3482	0.00016
3483	0.00016
3484	0.00016
3485	0.00016
3486	0.00016
3487	0.00016
3488	0.00016
3489	0.00016
3490	0.00016
3491	0.00016
3492	0.00016
3493	0.00016
3494	0.00016
3495	0.00016
3496	0.00016
3497	0.00016
3498	0.00016
3499	0.00016
3500	0.00016
3501	0.00016
3502	0.00016
3503	0.00016
3504	0.00016
3505	0.00016
3506	0.00016
3507	0.00016
3508	0.00016
3509	0.00016
3510	0.00016
3511	0.00016
3512	0.00016
3513	0.00016
3514	0.00016
3515	0.00016
3516	0.00016
3517	0.00016
3518	0.00016
3519	0.00016
3520	0.00016
3521	0.00016
3522	0.00016
3523	0.00016
3524	0.00016
3525	0.00016
3526	0.00016
3527	0.00016
3528	0.00016
3529	0.00016
3530	0.00016
3531	0.00016
3532	0.00016
3533	0.00016
3534	0.00016
3535	0.00016
3536	0.00016
3537	0.00016
3538	0.00016
3539	0.00016
3540	0.00016
3541	0.00016
3542	0.00016
3543	0.00016
3544	0.00016
3545	0.00016
3546	0.00016
3547	0.00016
3548	0.00016
3549	0.00016
3550	0.00016
3551	0.00016
3552	0.00016
3553	0.00016
3554	0.00016
3555	0.00016
3556	0.00016
3557	0.00016
3558	0.00016
3559	0.00016
3560	0.00016
3561	0.00016
3562	0.00016
3563	0.00016
3564	0.00016
3565	0.00016
3566	0.00016
3567	0.00016
3568	0.00016
3569	0.00016
3570	0.00016
3571	0.00016
3572	0.00016
3573	0.00016
3574	0.00016
3575	0.00016
3576	0.00016
3577	0.00016
3578	0.00016
3579	0.00016
3580	0.00016
3581	0.00016
3582	0.00016
3583	0.00016
3584	0.00016
3585	0.00016
3586	0.00016
3587	0.00016
3588	0.00016
3589	0.00016
3590	0.00016
3591	0.00016
3592	0.00016
3593	0.00016
3594	0.00016
3595	0.00016
3596	0.00016
3597	0.00016
3598	0.00016
3599	0.00016
3600	0.00016
3601	0.00016
3602	0.00016
3603	0.00016
3604	0.00016
3605	0.00016
3606	0.00016
3607	0.00016
3608	0.00016
3609	0.00016
3610	0.00016
3611	0.00016
3612	0.00016
3613	0.00016
3614	0.00016
3615	0.00016
3616	0.00016
3617	0.00016
3618	0.00016
3619	0.00016
3620	0.00016
3621	0.00016
3622	0.00016
3623	0.00016
3624	0.00016
3625	0.00016
3626	0.00016
3627	0.00016
3628	0.00016
3629	0.00016
3630	0.00016
3631	0.00016
3632	0.00016
3633	0.00016
3634	0.00016
3635	0.00016
3636	0.00016
3637	0.00016
3638	0.00016
3639	0.00016
3640	0.00016
3641	0.00016
3642	0.00016
3643	0.00016
3644	0.00016
3645	0.00016
3646	0.00016
3647	0.00016
3648	0.00016
3649	0.00016
3650	0.00016
3651	0.00016
3652	0.00016
3653	0.00016
3654	0.00016
3655	0.00016
3656	0.00016
3657	0.00016
3658	0.00016
3659	0.00016
3660	0.00016
3661	0.00016
3662	0.00016
3663	0.00016
3664	0.00016
3665	0.00016
3666	0.00016
3667	0.00016
3668	0.00016
3669	0.00016
3670	0.00016
3671	0.00016
3672	0.00016
3673	0.00016
3674	0.00016
3675	0.00016
3676	0.00016
3677	0.00016
3678	0.00016
3679	0.00016
3680	0.00016
3681	0.00016
3682	0.00016
3683	0.00016
3684	0.00016
3685	0.00016
3686	0.00016
3687	0.00016
3688	0.00016
3689	0.00016
3690	0.00016
3691	0.00016
3692	0.00016
3693	0.00016
3694	0.00016
3695	0.00016
3696	0.00016
3697	0.00016
3698	0.00016
3699	0.00016
3700	0.00016
3701	0.00016
3702	0.00016
3703	0.00016
3704	0.00016
3705	0.00016
3706	0.00016
3707	0.00016
3708	0.00016
3709	0.00016
3710	0.00016
3711	0.00016
3712	0.00016
3713	0.00016
3714	0.00016
3715	0.00016
3716	0.00016
3717	0.00016
3718	0.00016
3719	0.00016
3720	0.00016
3721	0.00016
3722	0.00016
3723	0.00016
3724	0.00016
3725	0.00016
3726	0.00016
3727	0.00016
3728	0.00016
3729	0.00016
3730	0.00016
3731	0.00016
3732	0.00016
3733	0.00016
3734	0.00016
3735	0.00016
3736	0.00016
3737	0.00016
3738	0.00016
3739	0.00016
3740	0.00016
3741	0.00016
3742	0.00016
3743	0.00016
3744	0.00016
3745	0.00016
3746	0.00016
3747	0.00016
3748	0.00016
3749	0.00016
3750	0.00016
3751	0.00016
3752	0.00016
3753	0.00016
3754	0.00016
3755	0.00016
3756	0.00016
3757	0.00016
3758	0.00016
3759	0.00016
3760	0.00016
3761	0.00016
3762	0.00016
3763	0.00016
3764	0.00016
3765	0.00016
3766	0.00016
3767	0.00016
3768	0.00016
3769	0.00016
3770	0.00016
3771	0.00016
3772	0.00016
3773	0.00016
3774	0.00016
3775	0.00016
3776	0.00016
3777	0.00016
3778	0.00016
3779	0.00016
3780	0.00016
3781	0.00016
3782	0.00016
3783	0.00016
3784	0.00016
3785	0.00016
3786	0.00016
3787	0.00016
3788	0.00016
3789	0.00016
3790	0.00016
3791	0.00016
3792	0.00016
3793	0.00016
3794	0.00016
3795	0.00016
3796	0.00016
3797	0.00016
3798	0.00016
3799	0.00016
3800	0.00016
3801	0.00016
3802	0.00016
3803	0.00016
3804	0.00016
3805	0.00016
3806	0.00016
3807	0.00016
3808	0.00016
3809	0.00016
3810	0.00016
3811	0.00016
3812	0.00016
3813	0.00016
3814	0.00016
3815	0.00016
3816	0.00016
3817	0.00016
3818	0.00016
3819	0.00016
3820	0.00016
3821	0.00016
3822	0.00016
3823	0.00016
3824	0.00016
3825	0.00016
3826	0.00016
3827	0.00016
3828	0.00016
3829	0.00016
3830	0.00016
3831	0.00016
3832	0.00016
3833	0.00016
3834	0.00016
3835	0.00016
3836	0.00016
3837	0.00016
3838	0.00016
3839	0.00016
3840	0.00016
3841	0.00016
3842	0.00016
3843	0.00016
3844	0.00016
3845	0.00016
3846	0.00016
3847	0.00016
3848	0.00016
3849	0.00016
3850	0.00016
3851	0.00016
3852	0.00016
3853	0.00016
3854	0.00016
3855	0.00016
3856	0.00016
3857	0.00016
3858	0.00016
3859	0.00016
3860	0.00016
3861	0.00016
3862	0.00016
3863	0.00016
3864	0.00016
3865	0.00016
3866	0.00016
3867	0.00016
3868	0.00016
3869	0.00016
3870	0.00016
3871	0.00016
3872	0.00016
3873	0.00016
3874	0.00016
3875	0.00016
3876	0.00016
3877	0.00016
3878	0.00016
3879	0.00016
3880	0.00016
3881	0.00016
3882	0.00016
3883	0.00016
3884	0.00016
3885	0.00016
3886	0.00016
3887	0.00016
3888	0.00016
3889	0.00016
3890	0.00016
3891	0.00016
3892	0.00016
3893	0.00016
3894	0.00016
3895	0.00016
3896	0.00016
3897	0.00016
3898	0.00016
3899	0.00016
3900	0.00016
3901	0.00016
3902	0.00016
3903	0.00016
3904	0.00016
3905	0.00016
3906	0.00016
3907	0.00016
3908	0.00016
3909	0.00016
3910	0.00016
3911	0.00016
3912	0.00016
3913	0.00016
3914	0.00016
3915	0.00016
3916	0.00016
3917	0.00016
3918	0.00016
3919	0.00016
3920	0.00016
3921	0.00016
3922	0.00016
3923	0.00016
3924	0.00016
3925	0.00016
3926	0.00016
3927	0.00016
3928	0.00016
3929	0.00016
3930	0.00016
3931	0.00016
3932	0.00016
3933	0.00016
3934	0.00016
3935	0.00016
3936	0.00016
3937	0.00016
3938	0.00016
3939	0.00016
3940	0.00016
3941	0.00016
3942	0.00016
3943	0.00016
3944	0.00016
3945	0.00016
3946	0.00016
3947	0.00016
3948	0.00016
3949	0.00016
3950	0.00016
3951	0.00016
3952	0.00016
3953	0.00016
3954	0.00016
3955	0.00016
3956	0.00016
3957	0.00016
3958	0.00016
3959	0.00016
3960	0.00016
3961	0.00016
3962	0.00016
3963	0.00016
3964	0.00016
3965	0.00016
3966	0.00016
3967	0.00016
3968	0.00016
3969	0.00016
3970	0.00016
3971	0.00016
3972	0.00016
3973	0.00016
3974	0.00016
3975	0.00016
3976	0.00016
3977	0.00016
3978	0.00016
3979	0.00016
3980	0.00016
3981	0.00016
3982	0.00016
3983	0.00016
3984	0.00016
3985	0.00016
3986	0.00016
3987	0.00016
3988	0.00016
3989	0.00016
3990	0.00016
3991	0.00016
3992	0.00016
3993	0.00016
3994	0.00016
3995	0.00016
3996	0.00016
3997	0.00016
3998	0.00016
3999	0.00016
4000	0.00016
4001	0.00016
4002	0.00016
4003	0.00016
4004	0.00016
4005	0.00016
4006	0.00016
4007	0.00016
4008	0.00016
4009	0.00016
4010	0.00016
4011	0.00016
4012	0.00016
4013	0.00016
4014	0.00016
4015	0.00016
4016	0.00016
4017	0.00016
4018	0.00016
4019	0.00016
4020	0.00016
4021	0.00016
4022	0.00016
4023	0.00016
4024	0.00016
4025	0.00016
4026	0.00016
4027	0.00016
4028	0.00016
4029	0.00016
4030	0.00016
4031	0.00016
4032	0.00016
4033	0.00016
4034	0.00016
4035	0.00016
4036	0.00016
4037	0.00016
4038	0.00016
4039	0.00016
4040	0.00016
4041	0.00016
4042	0.00016
4043	0.00016
4044	0.00016
4045	0.00016
4046	0.00016
4047	0.00016
4048	0.00016
4049	0.00016
4050	0.00016
4051	0.00016
4052	0.00016
4053	0.00016
4054	0.00016
4055	0.00016
4056	0.00016
4057	0.00016
4058	0.00016
4059	0.00016
4060	0.00016
4061	0.00016
4062	0.00016
4063	0.00016
4064	0.00016
4065	0.00016
4066	0.00016
4067	0.00016
4068	0.00016
4069	0.00016
4070	0.00016
4071	0.00016
4072	0.00016
4073	0.00016
4074	0.00016
4075	0.00016
4076	0.00016
4077	0.00016
4078	0.00016
4079	0.00016
4080	0.00016
4081	0.00016
4082	0.00016
4083	0.00016
4084	0.00016
4085	0.00016
4086	0.00016
4087	0.00016
4088	0.00016
4089	0.00016
4090	0.00016
4091	0.00016
4092	0.00016
4093	0.00016
4094	0.00016
4095	0.00016
4096	0.00016
4097	0.00016
4098	0.00016
4099	0.00016
4100	0.00016
4101	0.00016
4102	0.00016
4103	0.00016
4104	0.00016
4105	0.00016
4106	0.00016
4107	0.00016
4108	0.00016
4109	0.00016
4110	0.00016
4111	0.00016
4112	0.00016
4113	0.00016
4114	0.00016
4115	0.00016
4116	0.00016
4117	0.00016
4118	0.00016
4119	0.00016
4120	0.00016
4121	0.00016
4122	0.00016
4123	0.00016
4124	0.00016
4125	0.00016
4126	0.00016
4127	0.00016
4128	0.00016
4129	0.00016
4130	0.00016
4131	0.00016
4132	0.00016
4133	0.00016
4134	0.00016
4135	0.00016
4136	0.00016
4137	0.00016
4138	0.00016
4139	0.00016
4140	0.00016
4141	0.00016
4142	0.00016
4143	0.00016
4144	0.00016
4145	0.00016
4146	0.00016
4147	0.00016
4148	0.00016
4149	0.00016
4150	0.00016
4151	0.00016
4152	0.00016
4153	0.00016
4154	0.00016
4155	0.00016
4156	0.00016
4157	0.00016
4158	0.00016
4159	0.00016
4160	0.00016
4161	0.00016
4162	0.00016
4163	0.00016
4164	0.00016
4165	0.00016
4166	0.00016
4167	0.00016
4168	0.00016
4169	0.00016
4170	0.00016
4171	0.00016
4172	0.00016
4173	0.00016
4174	0.00016
4175	0.00016
4176	0.00016
4177	0.00016
4178	0.00016
4179	0.00016
4180	0.00016
4181	0.00016
4182	0.00016
4183	0.00016
4184	0.00016
4185	0.00016
4186	0.00016
4187	0.00016
4188	0.00016
4189	0.00016
4190	0.00016
4191	0.00016
4192	0.00016
4193	0.00016
4194	0.00016
4195	0.00016
4196	0.00016
4197	0.00016
4198	0.00016
4199	0.00016
4200	0.00016
4201	0.00016
4202	0.00016
4203	0.00016
4204	0.00016
4205	0.00016
4206	0.00016
4207	0.00016
4208	0.00016
4209	0.00016
4210	0.00016
4211	0.00016
4212	0.00016
4213	0.00016
4214	0.00016
4215	0.00016
4216	0.00016
4217	0.00016
4218	0.00016
4219	0.00016
4220	0.00016
4221	0.00016
4222	0.00016
4223	0.00016
4224	0.00016
4225	0.00016
4226	0.00016
4227	0.00016
4228	0.00016
4229	0.00016
4230	0.00016
4231	0.00016
4232	0.00016
4233	0.00016
4234	0.00016
4235	0.00016
4236	0.00016
4237	0.00016
4238	0.00016
4239	0.00016
4240	0.00016
4241	0.00016
4242	0.00016
4243	0.00016
4244	0.00016
4245	0.00016
4246	0.00016
4247	0.00016
4248	0.00016
4249	0.00016
4250	0.00016
4251	0.00016
4252	0.00016
4253	0.00016
4254	0.00016
4255	0.00016
4256	0.00016
4257	0.00016
4258	0.00016
4259	0.00016
4260	0.00016
4261	0.00016
4262	0.00016
4263	0.00016
4264	0.00016
4265	0.00016
4266	0.00016
4267	0.00016
4268	0.00016
4269	0.00016
4270	0.00016
4271	0.00016
4272	0.00016
4273	0.00016
4274	0.00016
4275	0.00016
4276	0.00016
4277	0.00016
4278	0.00016
4279	0.00016
4280	0.00016
4281	0.00016
4282	0.00016
4283	0.00016
4284	0.00016
4285	0.00016
4286	0.00016
4287	0.00016
4288	0.00016
4289	0.00016
4290	0.00016
4291	0.00016
4292	0.00016
4293	0.00016
4294	0.00016
4295	0.00016
4296	0.00016
4297	0.00016
4298	0.00016
4299	0.00016
4300	0.00016
4301	0.00016
4302	0.00016
4303	0.00016
4304	0.00016
4305	0.00016
4306	0.00016
4307	0.00016
4308	0.00016
4309	0.00016
4310	0.00016
4311	0.00016
4312	0.00016
4313	0.00016
4314	0.00016
4315	0.00016
4316	0.00016
4317	0.00016
4318	0.00016
4319	0.00016
4320	0.00016
4321	0.00016
4322	0.00016
4323	0.00016
4324	0.00016
4325	0.00016
4326	0.00016
4327	0.00016
4328	0.00016
4329	0.00016
4330	0.00016
4331	0.00016
4332	0.00016
4333	0.00016
4334	0.00016
4335	0.00016
4336	0.00016
4337	0.00016
4338	0.00016
4339	0.00016
4340	0.00016
4341	0.00016
4342	0.00016
4343	0.00016
4344	0.00016
4345	0.00016
4346	0.00016
4347	0.00016
4348	0.00016
4349	0.00016
4350	0.00016
4351	0.00016
4352	0.00016
4353	0.00016
4354	0.00016
4355	0.00016
4356	0.00016
4357	0.00016
4358	0.00016
4359	0.00016
4360	0.00016
4361	0.00016
4362	0.00016
4363	0.00016
4364	0.00016
4365	0.00016
4366	0.00016
4367	0.00016
4368	0.00016
4369	0.00016
4370	0.00016
4371	0.00016
4372	0.00016
4373	0.00016
4374	0.00016
4375	0.00016
4376	0.00016
4377	0.00016
4378	0.00016
4379	0.00016
4380	0.00016
4381	0.00016
4382	0.00016
4383	0.00016
4384	0.00016
4385	0.00016
4386	0.00016
4387	0.00016
4388	0.00016
4389	0.00016
4390	0.00016
4391	0.00016
4392	0.00016
4393	0.00016
4394	0.00016
4395	0.00016
4396	0.00016
4397	0.00016
4398	0.00016
4399	0.00016
4400	0.00016
4401	0.00016
4402	0.00016
4403	0.00016
4404	0.00016
4405	0.00016
4406	0.00016
4407	0.00016
4408	0.00016
4409	0.00016
4410	0.00016
4411	0.00016
4412	0.00016
4413	0.00016
4414	0.00016
4415	0.00016
4416	0.00016
4417	0.00016
4418	0.00016
4419	0.00016
4420	0.00016
4421	0.00016
4422	0.00016
4423	0.00016
4424	0.00016
4425	0.00016
4426	0.00016
4427	0.00016
4428	0.00016
4429	0.00016
4430	0.00016
4431	0.00016
4432	0.00016
4433	0.00016
4434	0.00016
4435	0.00016
4436	0.00016
4437	0.00016
4438	0.00016
4439	0.00016
4440	0.00016
4441	0.00016
4442	0.00016
4443	0.00016
4444	0.00016
4445	0.00016
4446	0.00016
4447	0.00016
4448	0.00016
4449	0.00016
4450	0.00016
4451	0.00016
4452	0.00016
4453	0.00016
4454	0.00016
4455	0.00016
4456	0.00016
4457	0.00016
4458	0.00016
4459	0.00016
4460	0.00016
4461	0.00016
4462	0.00016
4463	0.00016
4464	0.00016
4465	0.00016
4466	0.00016
4467	0.00016
4468	0.00016
4469	0.00016
4470	0.00016
4471	0.00016
4472	0.00016
4473	0.00016
4474	0.00016
4475	0.00016
4476	0.00016
4477	0.00016
4478	0.00016
4479	0.00016
4480	0.00016
4481	0.00016
4482	0.00016
4483	0.00016
4484	0.00016
4485	0.00016
4486	0.00016
4487	0.00016
4488	0.00016
4489	0.00016
4490	0.00016
4491	0.00016
4492	0.00016
4493	0.00016
4494	0.00016
4495	0.00016
4496	0.00016
4497	0.00016
4498	0.00016
4499	0.00016
4500	0.00016
4501	0.00016
4502	0.00016
4503	0.00016
4504	0.00016
4505	0.00016
4506	0.00016
4507	0.00016
4508	0.00016
4509	0.00016
4510	0.00016
4511	0.00016
4512	0.00016
4513	0.00016
4514	0.00016
4515	0.00016
4516	0.00016
4517	0.00016
4518	0.00016
4519	0.00016
4520	0.00016
4521	0.00016
4522	0.00016
4523	0.00016
4524	0.00016
4525	0.00016
4526	0.00016
4527	0.00016
4528	0.00016
4529	0.00016
4530	0.00016
4531	0.00016
4532	0.00016
4533	0.00016
4534	0.00016
4535	0.00016
4536	0.00016
4537	0.00016
4538	0.00016
4539	0.00016
4540	0.00016
4541	0.00016
4542	0.00016
4543	0.00016
4544	0.00016
4545	0.00016
4546	0.00016
4547	0.00016
4548	0.00016
4549	0.00016
4550	0.00016
4551	0.00016
4552	0.00016
4553	0.00016
4554	0.00016
4555	0.00016
4556	0.00016
4557	0.00016
4558	0.00016
4559	0.00016
4560	0.00016
4561	0.00016
4562	0.00016
4563	0.00016
4564	0.00016
4565	0.00016
4566	0.00016
4567	0.00016
4568	0.00016
4569	0.00016
4570	0.00016
4571	0.00016
4572	0.00016
4573	0.00016
4574	0.00016
4575	0.00016
4576	0.00016
4577	0.00016
4578	0.00016
4579	0.00016
4580	0.00016
4581	0.00016
4582	0.00016
4583	0.00016
4584	0.00016
4585	0.00016
4586	0.00016
4587	0.00016
4588	0.00016
4589	0.00016
4590	0.00016
4591	0.00016
4592	0.00016
4593	0.00016
4594	0.00016
4595	0.00016
4596	0.00016
4597	0.00016
4598	0.00016
4599	0.00016
4600	0.00016
4601	0.00016
4602	0.00016
4603	0.00016
4604	0.00016
4605	0.00016
4606	0.00016
4607	0.00016
4608	0.00016
4609	0.00016
4610	0.00016
4611	0.00016
4612	0.00016
4613	0.00016
4614	0.00016
4615	0.00016
4616	0.00016
4617	0.00016
4618	0.00016
4619	0.00016
4620	0.00016
4621	0.00016
4622	0.00016
4623	0.00016
4624	0.00016
4625	0.00016
4626	0.00016
4627	0.00016
4628	0.00016
4629	0.00016
4630	0.00016
4631	0.00016
4632	0.00016
4633	0.00016
4634	0.00016
4635	0.00016
4636	0.00016
4637	0.00016
4638	0.00016
4639	0.00016
4640	0.00016
4641	0.00016
4642	0.00016
4643	0.00016
4644	0.00016
4645	0.00016
4646	0.00016
4647	0.00016
4648	0.00016
4649	0.00016
4650	0.00016
4651	0.00016
4652	0.00016
4653	0.00016
4654	0.00016
4655	0.00016
4656	0.00016
4657	0.00016
4658	0.00016
4659	0.00016
4660	0.00016
4661	0.00016
4662	0.00016
4663	0.00016
4664	0.00016
4665	0.00016
4666	0.00016
4667	0.00016
4668	0.00016
4669	0.00016
4670	0.00016
4671	0.00016
4672	0.00016
4673	0.00016
4674	0.00016
4675	0.00016
4676	0.00016
4677	0.00016
4678	0.00016
4679	0.00016
4680	0.00016
4681	0.00016
4682	0.00016
4683	0.00016
4684	0.00016
4685	0.00016
4686	0.00016
4687	0.00016
4688	0.00016
4689	0.00016
4690	0.00016
4691	0.00016
4692	0.00016
4693	0.00016
4694	0.00016
4695	0.00016
4696	0.00016
4697	0.00016
4698	0.00016
4699	0.00016
4700	0.00016
4701	0.00016
4702	0.00016
4703	0.00016
4704	0.00016
4705	0.00016
4706	0.00016
4707	0.00016
4708	0.00016
4709	0.00016
4710	0.00016
4711	0.00016
4712	0.00016
4713	0.00016
4714	0.00016
4715	0.00016
4716	0.00016
4717	0.00016
4718	0.00016
4719	0.00016
4720	0.00016
4721	0.00016
4722	0.00016
4723	0.00016
4724	0.00016
4725	0.00016
4726	0.00016
4727	0.00016
4728	0.00016
4729	0.00016
4730	0.00016
4731	0.00016
4732	0.00016
4733	0.00016
4734	0.00016
4735	0.00016
4736	0.00016
4737	0.00016
4738	0.00016
4739	0.00016
4740	0.00016
4741	0.00016
4742	0.00016
4743	0.00016
4744	0.00016
4745	0.00016
4746	0.00016
4747	0.00016
4748	0.00016
4749	0.00016
4750	0.00016
4751	0.00016
4752	0.00016
4753	0.00016
4754	0.00016
4755	0.00016
4756	0.00016
4757	0.00016
4758	0.00016
4759	0.00016
4760	0.00016
4761	0.00016
4762	0.00016
4763	0.00016
4764	0.00016
4765	0.00016
4766	0.00016
4767	0.00016
4768	0.00016
4769	0.00016
4770	0.00016
4771	0.00016
4772	0.00016
4773	0.00016
4774	0.00016
4775	0.00016
4776	0.00016
4777	0.00016
4778	0.00016
4779	0.00016
4780	0.00016
4781	0.00016
4782	0.00016
4783	0.00016
4784	0.00016
4785	0.00016
4786	0.00016
4787	0.00016
4788	0.00016
4789	0.00016
4790	0.00016
4791	0.00016
4792	0.00016
4793	0.00016
4794	0.00016
4795	0.00016
4796	0.00016
4797	0.00016
4798	0.00016
4799	0.00016
4800	0.00016
4801	0.00016
4802	0.00016
4803	0.00016
4804	0.00016
4805	0.00016
4806	0.00016
4807	0.00016
4808	0.00016
4809	0.00016
4810	0.00016
4811	0.00016
4812	0.00016
4813	0.00016
4814	0.00016
4815	0.00016
4816	0.00016
4817	0.00016
4818	0.00016
4819	0.00016
4820	0.00016
4821	0.00016
4822	0.00016
4823	0.00016
4824	0.00016
4825	0.00016
4826	0.00016
4827	0.00016
4828	0.00016
4829	0.00016
4830	0.00016
4831	0.00016
4832	0.00016
4833	0.00016
4834	0.00016
4835	0.00016
4836	0.00016
4837	0.00016
4838	0.00016
4839	0.00016
4840	0.00016
4841	0.00016
4842	0.00016
4843	0.00016
4844	0.00016
4845	0.00016
4846	0.00016
4847	0.00016
4848	0.00016
4849	0.00016
4850	0.00016
4851	0.00016
4852	0.00016
4853	0.00016
4854	0.00016
4855	0.00016
4856	0.00016
4857	0.00016
4858	0.00016
4859	0.00016
4860	0.00016
4861	0.00016
4862	0.00016
4863	0.00016
4864	0.00016
4865	0.00016
4866	0.00016
4867	0.00016
4868	0.00016
4869	0.00016
4870	0.00016
4871	0.00016
4872	0.00016
4873	0.00016
4874	0.00016
4875	0.00016
4876	0.00016
4877	0.00016
4878	0.00016
4879	0.00016
4880	0.00016
4881	0.00016
4882	0.00016
4883	0.00016
4884	0.00016
4885	0.00016
4886	0.00016
4887	0.00016
4888	0.00016
4889	0.00016
4890	0.00016
4891	0.00016
4892	0.00016
4893	0.00016
4894	0.00016
4895	0.00016
4896	0.00016
4897	0.00016
4898	0.00016
4899	0.00016
4900	0.00016
4901	0.00016
4902	0.00016
4903	0.00016
4904	0.00016
4905	0.00016
4906	0.00016
4907	0.00016
4908	0.00016
4909	0.00016
4910	0.00016
4911	0.00016
4912	0.00016
4913	0.00016
4914	0.00016
4915	0.00016
4916	0.00016
4917	0.00016
4918	0.00016
4919	0.00016
4920	0.00016
4921	0.00016
4922	0.00016
4923	0.00016
4924	0.00016
4925	0.00016
4926	0.00016
4927	0.00016
4928	0.00016
4929	0.00016
4930	0.00016
4931	0.00016
4932	0.00016
4933	0.00016
4934	0.00016
4935	0.00016
4936	0.00016
4937	0.00016
4938	0.00016
4939	0.00016
4940	0.00016
4941	0.00016
4942	0.00016
4943	0.00016
4944	0.00016
4945	0.00016
4946	0.00016
4947	0.00016
4948	0.00016
4949	0.00016
4950	0.00016
4951	0.00016
4952	0.00016
4953	0.00016
4954	0.00016
4955	0.00016
4956	0.00016
4957	0.00016
4958	0.00016
4959	0.00016
4960	0.00016
4961	0.00016
4962	0.00016
4963	0.00016
4964	0.00016
4965	0.00016
4966	0.00016
4967	0.00016
4968	0.00016
4969	0.00016
4970	0.00016
4971	0.00016
4972	0.00016
4973	0.00016
4974	0.00016
4975	0.00016
4976	0.00016
4977	0.00016
4978	0.00016
4979	0.00016
4980	0.00016
4981	0.00016
4982	0.00016
4983	0.00016
4984	0.00016
4985	0.00016
4986	0.00016
4987	0.00016
4988	0.00016
4989	0.00016
4990	0.00016
4991	0.00016
4992	0.00016
4993	0.00016
4994	0.00016
4995	0.00016
4996	0.00016
4997	0.00016
4998	0.00016
4999	0.00016
5000	0.00016
5001	0.00016
5002	0.00016
5003	0.00016
5004	0.00016
5005	0.00016
5006	0.00016
5007	0.00016
5008	0.00016
5009	0.00016
5010	0.00016
5011	0.00016
5012	0.00016
5013	0.00016
5014	0.00016
5015	0.00016
5016	0.00016
5017	0.00016
5018	0.00016
5019	0.00016
5020	0.00016
5021	0.00016
5022	0.00016
5023	0.00016
5024	0.00016
5025	0.00016
5026	0.00016
5027	0.00016
5028	0.00016
5029	0.00016
5030	0.00016
5031	0.00016
5032	0.00016
5033	0.00016
5034	0.00016
5035	0.00016
5036	0.00016
5037	0.00016
5038	0.00016
5039	0.00016
5040	0.00016
5041	0.00016
5042	0.00016
5043	0.00016
5044	0.00016
5045	0.00016
5046	0.00016
5047	0.00016
5048	0.00016
5049	0.00016
5050	0.00016
5051	0.00016
5052	0.00016
5053	0.00016
5054	0.00016
5055	0.00016
5056	0.00016
5057	0.00016
5058	0.00016
5059	0.00016
5060	0.00016
5061	0.00016
5062	0.00016
5063	0.00016
5064	0.00016
5065	0.00016
5066	0.00016
5067	0.00016
5068	0.00016
5069	0.00016
5070	0.00016
5071	0.00016
5072	0.00016
5073	0.00016
5074	0.00016
5075	0.00016
5076	0.00016
5077	0.00016
5078	0.00016
5079	0.00016
5080	0.00016
5081	0.00016
5082	0.00016
5083	0.00016
5084	0.00016
5085	0.00016
5086	0.00016
5087	0.00016
5088	0.00016
5089	0.00016
5090	0.00016
5091	0.00016
5092	0.00016
5093	0.00016
5094	0.00016
5095	0.00016
5096	0.00016
5097	0.00016
5098	0.00016
5099	0.00016
5100	0.00016
5101	0.00016
5102	0.00016
5103	0.00016
5104	0.00016
5105	0.00016
5106	0.00016
5107	0.00016
5108	0.00016
5109	0.00016
5110	0.00016
5111	0.00016
5112	0.00016
5113	0.00016
5114	0.00016
5115	0.00016
5116	0.00016
5117	0.00016
5118	0.00016
5119	0.00016
5120	0.00016
5121	0.00016
5122	0.00016
5123	0.00016
5124	0.00016
5125	0.00016
5126	0.00016
5127	0.00016
5128	0.00016
5129	0.00016
5130	0.00016
5131	0.00016
5132	0.00016
5133	0.00016
5134	0.00016
5135	0.00016
5136	0.00016
5137	0.00016
5138	0.00016
5139	0.00016
5140	0.00016
5141	0.00016
5142	0.00016
5143	0.00016
5144	0.00016
5145	0.00016
5146	0.00016
5147	0.00016
5148	0.00016
5149	0.00016
5150	0.00016
5151	0.00016
5152	0.00016
5153	0.00016
5154	0.00016
5155	0.00016
5156	0.00016
5157	0.00016
5158	0.00016
5159	0.00016
5160	0.00016
5161	0.00016
5162	0.00016
5163	0.00016
5164	0.00016
5165	0.00016
5166	0.00016
5167	0.00016
5168	0.00016
5169	0.00016
5170	0.00016
5171	0.00016
5172	0.00016
5173	0.00016
5174	0.00016
5175	0.00016
5176	0.00016
5177	0.00016
5178	0.00016
5179	0.00016
5180	0.00016
5181	0.00016
5182	0.00016
5183	0.00016
5184	0.00016
5185	0.00016
5186	0.00016
5187	0.00016
5188	0.00016
5189	0.00016
5190	0.00016
5191	0.00016
5192	0.00016
5193	0.00016
5194	0.00016
5195	0.00016
5196	0.00016
5197	0.00016
5198	0.00016
5199	0.00016
5200	0.00016
5201	0.00016
5202	0.00016
5203	0.00016
5204	0.00016
5205	0.00016
5206	0.00016
5207	0.00016
5208	0.00016
5209	0.00016
5210	0.00016
5211	0.00016
5212	0.00016
5213	0.00016
5214	0.00016
5215	0.00016
5216	0.00016
5217	0.00016
5218	0.00016
5219	0.00016
5220	0.00016
5221	0.00016
5222	0.00016
5223	0.00016
5224	0.00016
5225	0.00016
5226	0.00016
5227	0.00016
5228	0.00016
5229	0.00016
5230	0.00016
5231	0.00016
5232	0.00016
5233	0.00016
5234	0.00016
5235	0.00016
5236	0.00016
5237	0.00016
5238	0.00016
5239	0.00016
5240	0.00016
5241	0.00016
5242	0.00016
5243	0.00016
5244	0.00016
5245	0.00016
5246	0.00016
5247	0.00016
5248	0.00016
5249	0.00016
5250	0.00016
5251	0.00016
5252	0.00016
5253	0.00016
5254	0.00016
5255	0.00016
5256	0.00016
5257	0.00016
5258	0.00016
5259	0.00016
5260	0.00016
5261	0.00016
5262	0.00016
5263	0.00016
5264	0.00016
5265	0.00016
5266	0.00016
5267	0.00016
5268	0.00016
5269	0.00016
5270	0.00016
5271	0.00016
5272	0.00016
5273	0.00016
5274	0.00016
5275	0.00016
5276	0.00016
5277	0.00016
5278	0.00016
5279	0.00016
5280	0.00016
5281	0.00016
5282	0.00016
5283	0.00016
5284	0.00016
5285	0.00016
5286	0.00016
5287	0.00016
5288	0.00016
5289	0.00016
5290	0.00016
5291	0.00016
5292	0.00016
5293	0.00016
5294	0.00016
5295	0.00016
5296	0.00016
5297	0.00016
5298	0.00016
5299	0.00016
5300	0.00016
5301	0.00016
5302	0.00016
5303	0.00016
5304	0.00016
5305	0.00016
5306	0.00016
5307	0.00016
5308	0.00016
5309	0.00016
5310	0.00016
5311	0.00016
5312	0.00016
5313	0.00016
5314	0.00016
5315	0.00016
5316	0.00016
5317	0.00016
5318	0.00016
5319	0.00016
5320	0.00016
5321	0.00016
5322	0.00016
5323	0.00016
5324	0.00016
5325	0.00016
5326	0.00016
5327	0.00016
5328	0.00016
5329	0.00016
5330	0.00016
5331	0.00016
5332	0.00016
5333	0.00016
5334	0.00016
5335	0.00016
5336	0.00016
5337	0.00016
5338	0.00016
5339	0.00016
5340	0.00016
5341	0.00016
5342	0.00016
5343	0.00016
5344	0.00016
5345	0.00016
5346	0.00016
5347	0.00016
5348	0.00016
5349	0.00016
5350	0.00016
5351	0.00016
5352	0.00016
5353	0.00016
5354	0.00016
5355	0.00016
5356	0.00016
5357	0.00016
5358	0.00016
5359	0.00016
5360	0.00016
5361	0.00016
5362	0.00016
5363	0.00016
5364	0.00016
5365	0.00016
5366	0.00016
5367	0.00016
5368	0.00016
5369	0.00016
5370	0.00016
5371	0.00016
5372	0.00016
5373	0.00016
5374	0.00016
5375	0.00016
5376	0.00016
5377	0.00016
5378	0.00016
5379	0.00016
5380	0.00016
5381	0.00016
5382	0.00016
5383	0.00016
5384	0.00016
5385	0.00016
5386	0.00016
5387	0.00016
5388	0.00016
5389	0.00016
5390	0.00016
5391	0.00016
5392	0.00016
5393	0.00016
5394	0.00016
5395	0.00016
5396	0.00016
5397	0.00016
5398	0.00016
5399	0.00016
5400	0.00016
5401	0.00016
5402	0.00016
5403	0.00016
5404	0.00016
5405	0.00016
5406	0.00016
5407	0.00016
5408	0.00016
5409	0.00016
5410	0.00016
5411	0.00016
5412	0.00016
5413	0.00016
5414	0.00016
5415	0.00016
5416	0.00016
5417	0.00016
5418	0.00016
5419	0.00016
5420	0.00016
5421	0.00016
5422	0.00016
5423	0.00016
5424	0.00016
5425	0.00016
5426	0.00016
5427	0.00016
5428	0.00016
5429	0.00016
5430	0.00016
5431	0.00016
5432	0.00016
5433	0.00016
5434	0.00016
5435	0.00016
5436	0.00016
5437	0.00016
5438	0.00016
5439	0.00016
5440	0.00016
5441	0.00016
5442	0.00016
5443	0.00016
5444	0.00016
5445	0.00016
5446	0.00016
5447	0.00016
5448	0.00016
5449	0.00016
5450	0.00016
5451	0.00016
5452	0.00016
5453	0.00016
5454	0.00016
5455	0.00016
5456	0.00016
5457	0.00016
5458	0.00016
5459	0.00016
5460	0.00016
5461	0.00016
5462	0.00016
5463	0.00016
5464	0.00016
5465	0.00016
5466	0.00016
5467	0.00016
5468	0.00016
5469	0.00016
5470	0.00016
5471	0.00016
5472	0.00016
5473	0.00016
5474	0.00016
5475	0.00016
5476	0.00016
5477	0.00016
5478	0.00016
5479	0.00016
5480	0.00016
5481	0.00016
5482	0.00016
5483	0.00016
5484	0.00016
5485	0.00016
5486	0.00016
5487	0.00016
5488	0.00016
5489	0.00016
5490	0.00016
5491	0.00016
5492	0.00016
5493	0.00016
5494	0.00016
5495	0.00016
5496	0.00016
5497	0.00016
5498	0.00016
5499	0.00016
5500	0.00016
5501	0.00016
5502	0.00016
5503	0.00016
5504	0.00016
5505	0.00016
5506	0.00016
5507	0.00016
5508	0.00016
5509	0.00016
5510	0.00016
5511	0.00016
5512	0.00016
5513	0.00016
5514	0.00016
5515	0.00016
5516	0.00016
5517	0.00016
5518	0.00016
5519	0.00016
5520	0.00016
5521	0.00016
5522	0.00016
5523	0.00016
5524	0.00016
5525	0.00016
5526	0.00016
5527	0.00016
5528	0.00016
5529	0.00016
5530	0.00016
5531	0.00016
5532	0.00016
5533	0.00016
5534	0.00016
5535	0.00016
5536	0.00016
5537	0.00016
5538	0.00016
5539	0.00016
5540	0.00016
5541	0.00016
5542	0.00016
5543	0.00016
5544	0.00016
5545	0.00016
5546	0.00016
5547	0.00016
5548	0.00016
5549	0.00016
5550	0.00016
5551	0.00016
5552	0.00016
5553	0.00016
5554	0.00016
5555	0.00016
5556	0.00016
5557	0.00016
5558	0.00016
5559	0.00016
5560	0.00016
5561	0.00016
5562	0.00016
5563	0.00016
5564	0.00016
5565	0.00016
5566	0.00016
5567	0.00016
5568	0.00016
5569	0.00016
5570	0.00016
5571	0.00016
5572	0.00016
5573	0.00016
5574	0.00016
5575	0.00016
5576	0.00016
5577	0.00016
5578	0.00016
5579	0.00016
5580	0.00016
5581	0.00016
5582	0.00016
5583	0.00016
5584	0.00016
5585	0.00016
5586	0.00016
5587	0.00016
5588	0.00016
5589	0.00016
5590	0.00016
5591	0.00016
5592	0.00016
5593	0.00016
5594	0.00016
5595	0.00016
5596	0.00016
5597	0.00016
5598	0.00016
5599	0.00016
5600	0.00016
5601	0.00016
5602	0.00016
5603	0.00016
5604	0.00016
5605	0.00016
5606	0.00016
5607	0.00016
5608	0.00016
5609	0.00016
5610	0.00016
5611	0.00016
5612	0.00016
5613	0.00016
5614	0.00016
5615	0.00016
5616	0.00016
5617	0.00016
5618	0.00016
5619	0.00016
5620	0.00016
5621	0.00016
5622	0.00016
5623	0.00016
5624	0.00016
5625	0.00016
5626	0.00016
5627	0.00016
5628	0.00016
5629	0.00016
5630	0.00016
5631	0.00016
5632	0.00016
5633	0.00016
5634	0.00016
5635	0.00016
5636	0.00016
5637	0.00016
5638	0.00016
5639	0.00016
5640	0.00016
5641	0.00016
5642	0.00016
5643	0.00016
5644	0.00016
5645	0.00016
5646	0.00016
5647	0.00016
5648	0.00016
5649	0.00016
5650	0.00016
5651	0.00016
5652	0.00016
5653	0.00016
5654	0.00016
5655	0.00016
5656	0.00016
5657	0.00016
5658	0.00016
5659	0.00016
5660	0.00016
5661	0.00016
5662	0.00016
5663	0.00016
5664	0.00016
5665	0.00016
5666	0.00016
5667	0.00016
5668	0.00016
5669	0.00016
5670	0.00016
5671	0.00016
5672	0.00016
5673	0.00016
5674	0.00016
5675	0.00016
5676	0.00016
5677	0.00016
5678	0.00016
5679	0.00016
5680	0.00016
5681	0.00016
5682	0.00016
5683	0.00016
5684	0.00016
5685	0.00016
5686	0.00016
5687	0.00016
5688	0.00016
5689	0.00016
5690	0.00016
5691	0.00016
5692	0.00016
5693	0.00016
5694	0.00016
5695	0.00016
5696	0.00016
5697	0.00016
5698	0.00016
5699	0.00016
5700	0.00016
5701	0.00016
5702	0.00016
5703	0.00016
5704	0.00016
5705	0.00016
5706	0.00016
5707	0.00016
5708	0.00016
5709	0.00016
5710	0.00016
5711	0.00016
5712	0.00016
5713	0.00016
5714	0.00016
5715	0.00016
5716	0.00016
5717	0.00016
5718	0.00016
5719	0.00016
5720	0.00016
5721	0.00016
5722	0.00016
5723	0.00016
5724	0.00016
5725	0.00016
5726	0.00016
5727	0.00016
5728	0.00016
5729	0.00016
5730	0.00016
5731	0.00016
5732	0.00016
5733	0.00016
5734	0.00016
5735	0.00016
5736	0.00016
5737	0.00016
5738	0.00016
5739	0.00016
5740	0.00016
5741	0.00016
5742	0.00016
5743	0.00016
5744	0.00016
5745	0.00016
5746	0.00016
5747	0.00016
5748	0.00016
5749	0.00016
5750	0.00016
5751	0.00016
5752	0.00016
5753	0.00016
5754	0.00016
5755	0.00016
5756	0.00016
5757	0.00016
5758	0.00016
5759	0.00016
5760	0.00016
5761	0.00016
5762	0.00016
5763	0.00016
5764	0.00016
5765	0.00016
5766	0.00016
5767	0.00016
5768	0.00016
5769	0.00016
5770	0.00016
5771	0.00016
5772	0.00016
5773	0.00016
5774	0.00016
5775	0.00016
5776	0.00016
5777	0.00016
5778	0.00016
5779	0.00016
5780	0.00016
5781	0.00016
5782	0.00016
5783	0.00016
5784	0.00016
5785	0.00016
5786	0.00016
5787	0.00016
5788	0.00016
5789	0.00016
5790	0.00016
5791	0.00016
5792	0.00016
5793	0.00016
5794	0.00016
5795	0.00016
5796	0.00016
5797	0.00016
5798	0.00016
5799	0.00016
5800	0.00016
5801	0.00016
5802	0.00016
5803	0.00016
5804	0.00016
5805	0.00016
5806	0.00016
5807	0.00016
5808	0.00016
5809	0.00016
5810	0.00016
5811	0.00016
5812	0.00016
5813	0.00016
5814	0.00016
5815	0.00016
5816	0.00016
5817	0.00016
5818	0.00016
5819	0.00016
5820	0.00016
5821	0.00016
5822	0.00016
5823	0.00016
5824	0.00016
5825	0.00016
5826	0.00016
5827	0.00016
5828	0.00016
5829	0.00016
5830	0.00016
5831	0.00016
5832	0.00016
5833	0.00016
5834	0.00016
5835	0.00016
5836	0.00016
5837	0.00016
5838	0.00016
5839	0.00016
5840	0.00016
5841	0.00016
5842	0.00016
5843	0.00016
5844	0.00016
5845	0.00016
5846	0.00016
5847	0.00016
5848	0.00016
5849	0.00016
5850	0.00016
5851	0.00016
5852	0.00016
5853	0.00016
5854	0.00016
5855	0.00016
5856	0.00016
5857	0.00016
5858	0.00016
5859	0.00016
5860	0.00016
5861	0.00016
5862	0.00016
5863	0.00016
5864	0.00016
5865	0.00016
5866	0.00016
5867	0.00016
5868	0.00016
5869	0.00016
5870	0.00016
5871	0.00016
5872	0.00016
5873	0.00016
5874	0.00016
5875	0.00016
5876	0.00016
5877	0.00016
5878	0.00016
5879	0.00016
5880	0.00016
5881	0.00016
5882	0.00016
5883	0.00016
5884	0.00016
5885	0.00016
5886	0.00016
5887	0.00016
5888	0.00016
5889	0.00016
5890	0.00016
5891	0.00016
5892	0.00016
5893	0.00016
5894	0.00016
5895	0.00016
5896	0.00016
5897	0.00016
5898	0.00016
5899	0.00016
5900	0.00016
5901	0.00016
5902	0.00016
5903	0.00016
5904	0.00016
5905	0.00016
5906	0.00016
5907	0.00016
5908	0.00016
5909	0.00016
5910	0.00016
5911	0.00016
5912	0.00016
5913	0.00016
5914	0.00016
5915	0.00016
5916	0.00016
5917	0.00016
5918	0.00016
5919	0.00016
5920	0.00016
5921	0.00016
5922	0.00016
5923	0.00016
5924	0.00016
5925	0.00016
5926	0.00016
5927	0.00016
5928	0.00016
5929	0.00016
5930	0.00016
5931	0.00016
5932	0.00016
5933	0.00016
5934	0.00016
5935	0.00016
5936	0.00016
5937	0.00016
5938	0.00016
5939	0.00016
5940	0.00016
5941	0.00016
5942	0.00016
5943	0.00016
5944	0.00016
5945	0.00016
5946	0.00016
5947	0.00016
5948	0.00016
5949	0.00016
5950	0.00016
5951	0.00016
5952	0.00016
5953	0.00016
5954	0.00016
5955	0.00016
5956	0.00016
5957	0.00016
5958	0.00016
5959	0.00016
5960	0.00016
5961	0.00016
5962	0.00016
5963	0.00016
5964	0.00016
5965	0.00016
5966	0.00016
5967	0.00016
5968	0.00016
5969	0.00016
5970	0.00016
5971	0.00016
5972	0.00016
5973	0.00016
5974	0.00016
5975	0.00016
5976	0.00016
5977	0.00016
5978	0.00016
5979	0.00016
5980	0.00016
5981	0.00016
5982	0.00016
5983	0.00016
5984	0.00016
5985	0.00016
5986	0.00016
5987	0.00016
5988	0.00016
5989	0.00016
5990	0.00016
5991	0.00016
5992	0.00016
5993	0.00016
5994	0.00016
5995	0.00016
5996	0.00016
5997	0.00016
5998	0.00016
5999	0.00016
6000	0.00016
6001	0.00016
6002	0.00016
6003	0.00016
6004	0.00016
6005	0.00016
6006	0.00016
6007	0.00016
6008	0.00016
6009	0.00016
6010	0.00016
6011	0.00016
6012	0.00016
6013	0.00016
6014	0.00016
6015	0.00016
6016	0.00016
6017	0.00016
6018	0.00016
6019	0.00016
6020	0.00016
6021	0.00016
6022	0.00016
6023	0.00016
6024	0.00016
6025	0.00016
6026	0.00016
6027	0.00016
6028	0.00016
6029	0.00016
6030	0.00016
6031	0.00016
6032	0.00016
6033	0.00016
6034	0.00016
6035	0.00016
6036	0.00016
6037	0.00016
6038	0.00016
6039	0.00016
6040	0.00016
6041	0.00016
6042	0.00016
6043	0.00016
6044	0.00016
6045	0.00016
6046	0.00016
6047	0.00016
6048	0.00016
6049	0.00016
6050	0.00016
6051	0.00016
6052	0.00016
6053	0.00016
6054	0.00016
6055	0.00016
6056	0.00016
6057	0.00016
6058	0.00016
6059	0.00016
6060	0.00016
6061	0.00016
6062	0.00016
6063	0.00016
6064	0.00016
6065	0.00016
6066	0.00016
6067	0.00016
6068	0.00016
6069	0.00016
6070	0.00016
6071	0.00016
6072	0.00016
6073	0.00016
6074	0.00016
6075	0.00016
6076	0.00016
6077	0.00016
6078	0.00016
6079	0.00016
6080	0.00016
6081	0.00016
6082	0.00016
6083	0.00016
6084	0.00016
6085	0.00016
6086	0.00016
6087	0.00016
6088	0.00016
6089	0.00016
6090	0.00016
6091	0.00016
6092	0.00016
6093	0.00016
6094	0.00016
6095	0.00016
6096	0.00016
6097	0.00016
6098	0.00016
6099	0.00016
6100	0.00016
6101	0.00016
6102	0.00016
6103	0.00016
6104	0.00016
6105	0.00016
6106	0.00016
6107	0.00016
6108	0.00016
6109	0.00016
6110	0.00016
6111	0.00016
6112	0.00016
6113	0.00016
6114	0.00016
6115	0.00016
6116	0.00016
6117	0.00016
6118	0.00016
6119	0.00016
6120	0.00016
6121	0.00016
6122	0.00016
6123	0.00016
6124	0.00016
6125	0.00016
6126	0.00016
6127	0.00016
6128	0.00016
6129	0.00016
6130	0.00016
6131	0.00016
6132	0.00016
6133	0.00016
6134	0.00016
6135	0.00016
6136	0.00016
6137	0.00016
6138	0.00016
6139	0.00016
6140	0.00016
6141	0.00016
6142	0.00016
6143	0.00016
6144	0.00016
6145	0.00016
6146	0.00016
6147	0.00016
6148	0.00016
6149	0.00016
6150	0.00016
6151	0.00016
6152	0.00016
6153	0.00016
6154	0.00016
6155	0.00016
6156	0.00016
6157	0.00016
6158	0.00016
6159	0.00016
6160	0.00016
6161	0.00016
6162	0.00016
6163	0.00016
6164	0.00016
6165	0.00016
6166	0.00016
6167	0.00016
6168	0.00016
6169	0.00016
6170	0.00016
6171	0.00016
6172	0.00016
6173	0.00016
6174	0.00016
6175	0.00016
6176	0.00016
6177	0.00016
6178	0.00016
6179	0.00016
6180	0.00016
6181	0.00016
6182	0.00016
6183	0.00016
6184	0.00016
6185	0.00016
6186	0.00016
6187	0.00016
6188	0.00016
6189	0.00016
6190	0.00016
6191	0.00016
6192	0.00016
6193	0.00016
6194	0.00016
6195	0.00016
6196	0.00016
6197	0.00016
6198	0.00016
6199	0.00016
6200	0.00016
6201	0.00016
6202	0.00016
6203	0.00016
6204	0.00016
6205	0.00016
6206	0.00016
6207	0.00016
6208	0.00016
6209	0.00016
6210	0.00016
6211	0.00016
6212	0.00016
6213	0.00016
6214	0.00016
6215	0.00016
6216	0.00016
6217	0.00016
6218	0.00016
6219	0.00016
6220	0.00016
6221	0.00016
6222	0.00016
6223	0.00016
6224	0.00016
6225	0.00016
6226	0.00016
6227	0.00016
6228	0.00016
6229	0.00016
6230	0.00016
6231	0.00016
6232	0.00016
6233	0.00016
6234	0.00016
6235	0.00016
6236	0.00016
6237	0.00016
6238	0.00016
6239	0.00016
6240	0.00016
6241	0.00016
6242	0.00016
6243	0.00016
6244	0.00016
6245	0.00016
6246	0.00016
6247	0.00016
6248	0.00016
6249	0.00016
6250	0.00016
6251	0.00016
6252	0.00016
6253	0.00016
6254	0.00016
6255	0.00016
6256	0.00016
6257	0.00016
6258	0.00016
6259	0.00016
6260	0.00016
6261	0.00016
6262	0.00016
6263	0.00016
6264	0.00016
6265	0.00016
6266	0.00016
6267	0.00016
6268	0.00016
6269	0.00016
6270	0.00016
6271	0.00016
6272	0.00016
6273	0.00016
6274	0.00016
6275	0.00016
6276	0.00016
6277	0.00016
6278	0.00016
6279	0.00016
6280	0.00016
6281	0.00016
6282	0.00016
6283	0.00016
6284	0.00016
6285	0.00016
6286	0.00016
6287	0.00016
6288	0.00016
6289	0.00016
6290	0.00016
6291	0.00016
6292	0.00016
6293	0.00016
6294	0.00016
6295	0.00016
6296	0.00016
6297	0.00016
6298	0.00016
6299	0.00016
6300	0.00016
6301	0.00016
6302	0.00016
6303	0.00016
6304	0.00016
6305	0.00016
6306	0.00016
6307	0.00016
6308	0.00016
6309	0.00016
6310	0.00016
6311	0.00016
6312	0.00016
6313	0.00016
6314	0.00016
6315	0.00016
6316	0.00016
6317	0.00016
6318	0.00016
6319	0.00016
6320	0.00016
6321	0.00016
6322	0.00016
6323	0.00016
6324	0.00016
6325	0.00016
6326	0.00016
6327	0.00016
6328	0.00016
6329	0.00016
6330	0.00016
6331	0.00016
6332	0.00016
6333	0.00016
6334	0.00016
6335	0.00016
6336	0.00016
6337	0.00016
6338	0.00016
6339	0.00016
6340	0.00016
6341	0.00016
6342	0.00016
6343	0.00016
6344	0.00016
6345	0.00016
6346	0.00016
6347	0.00016
6348	0.00016
6349	0.00016
6350	0.00016
6351	0.00016
6352	0.00016
6353	0.00016
6354	0.00016
6355	0.00016
6356	0.00016
6357	0.00016
6358	0.00016
6359	0.00016
6360	0.00016
6361	0.00016
6362	0.00016
6363	0.00016
6364	0.00016
6365	0.00016
6366	0.00016
6367	0.00016
6368	0.00016
6369	0.00016
6370	0.00016
6371	0.00016
6372	0.00016
6373	0.00016
6374	0.00016
6375	0.00016
6376	0.00016
6377	0.00016
6378	0.00016
6379	0.00016
6380	0.00016
6381	0.00016
6382	0.00016
6383	0.00016
6384	0.00016
6385	0.00016
6386	0.00016
6387	0.00016
6388	0.00016
6389	0.00016
6390	0.00016
6391	0.00016
6392	0.00016
6393	0.00016
6394	0.00016
6395	0.00016
6396	0.00016
6397	0.00016
6398	0.00016
6399	0.00016
6400	0.00016
6401	0.00016
6402	0.00016
6403	0.00016
6404	0.00016
6405	0.00016
6406	0.00016
6407	0.00016
6408	0.00016
6409	0.00016
6410	0.00016
6411	0.00016
6412	0.00016
6413	0.00016
6414	0.00016
6415	0.00016
6416	0.00016
6417	0.00016
6418	0.00016
6419	0.00016
6420	0.00016
6421	0.00016
6422	0.00016
6423	0.00016
6424	0.00016
6425	0.00016
6426	0.00016
6427	0.00016
6428	0.00016
6429	0.00016
6430	0.00016
6431	0.00016
6432	0.00016
6433	0.00016
6434	0.00016
6435	0.00016
6436	0.00016
6437	0.00016
6438	0.00016
6439	0.00016
6440	0.00016
6441	0.00016
6442	0.00016
6443	0.00016
6444	0.00016
6445	0.00016
6446	0.00016
6447	0.00016
6448	0.00016
6449	0.00016
6450	0.00016
6451	0.00016
6452	0.00016
6453	0.00016
6454	0.00016
6455	0.00016
6456	0.00016
6457	0.00016
6458	0.00016
6459	0.00016
6460	0.00016
6461	0.00016
6462	0.00016
6463	0.00016
6464	0.00016
6465	0.00016
6466	0.00016
6467	0.00016
6468	0.00016
6469	0.00016
6470	0.00016
6471	0.00016
6472	0.00016
6473	0.00016
6474	0.00016
6475	0.00016
6476	0.00016
6477	0.00016
6478	0.00016
6479	0.00016
6480	0.00016
6481	0.00016
6482	0.00016
6483	0.00016
6484	0.00016
6485	0.00016
6486	0.00016
6487	0.00016
6488	0.00016
6489	0.00016
6490	0.00016
6491	0.00016
6492	0.00016
6493	0.00016
6494	0.00016
6495	0.00016
6496	0.00016
6497	0.00016
6498	0.00016
6499	0.00016
6500	0.00016
6501	0.00016
6502	0.00016
6503	0.00016
6504	0.00016
6505	0.00016
6506	0.00016
6507	0.00016
6508	0.00016
6509	0.00016
6510	0.00016
6511	0.00016
6512	0.00016
6513	0.00016
6514	0.00016
6515	0.00016
6516	0.00016
6517	0.00016
6518	0.00016
6519	0.00016
6520	0.00016
6521	0.00016
6522	0.00016
6523	0.00016
6524	0.00016
6525	0.00016
6526	0.00016
6527	0.00016
6528	0.00016
6529	0.00016
6530	0.00016
6531	0.00016
6532	0.00016
6533	0.00016
6534	0.00016
6535	0.00016
6536	0.00016
6537	0.00016
6538	0.00016
6539	0.00016
6540	0.00016
6541	0.00016
6542	0.00016
6543	0.00016
6544	0.00016
6545	0.00016
6546	0.00016
6547	0.00016
6548	0.00016
6549	0.00016
6550	0.00016
6551	0.00016
6552	0.00016
6553	0.00016
6554	0.00016
6555	0.00016
6556	0.00016
6557	0.00016
6558	0.00016
6559	0.00016
6560	0.00016
6561	0.00016
6562	0.00016
6563	0.00016
6564	0.00016
6565	0.00016
6566	0.00016
6567	0.00016
6568	0.00016
6569	0.00016
6570	0.00016
6571	0.00016
6572	0.00016
6573	0.00016
6574	0.00016
6575	0.00016
6576	0.00016
6577	0.00016
6578	0.00016
6579	0.00016
6580	0.00016
6581	0.00016
6582	0.00016
6583	0.00016
6584	0.00016
6585	0.00016
6586	0.00016
6587	0.00016
6588	0.00016
6589	0.00016
6590	0.00016
6591	0.00016
6592	0.00016
6593	0.00016
6594	0.00016
6595	0.00016
6596	0.00016
6597	0.00016
6598	0.00016
6599	0.00016
6600	0.00016
6601	0.00016
6602	0.00016
6603	0.00016
6604	0.00016
6605	0.00016
6606	0.00016
6607	0.00016
6608	0.00016
6609	0.00016
6610	0.00016
6611	0.00016
6612	0.00016
6613	0.00016
6614	0.00016
6615	0.00016
6616	0.00016
6617	0.00016
6618	0.00016
6619	0.00016
6620	0.00016
6621	0.00016
6622	0.00016
6623	0.00016
6624	0.00016
6625	0.00016
6626	0.00016
6627	0.00016
6628	0.00016
6629	0.00016
6630	0.00016
6631	0.00016
6632	0.00016
6633	0.00016
6634	0.00016
6635	0.00016
6636	0.00016
6637	0.00016
6638	0.00016
6639	0.00016
6640	0.00016
6641	0.00016
6642	0.00016
6643	0.00016
6644	0.00016
6645	0.00016
6646	0.00016
6647	0.00016
6648	0.00016
6649	0.00016
6650	0.00016
6651	0.00016
6652	0.00016
6653	0.00016
6654	0.00016
6655	0.00016
6656	0.00016
6657	0.00016
6658	0.00016
6659	0.00016
6660	0.00016
6661	0.00016
6662	0.00016
6663	0.00016
6664	0.00016
6665	0.00016
6666	0.00016
6667	0.00016
6668	0.00016
6669	0.00016
6670	0.00016
6671	0.00016
6672	0.00016
6673	0.00016
6674	0.00016
6675	0.00016
6676	0.00016
6677	0.00016
6678	0.00016
6679	0.00016
6680	0.00016
6681	0.00016
6682	0.00016
6683	0.00016
6684	0.00016
6685	0.00016
6686	0.00016
6687	0.00016
6688	0.00016
6689	0.00016
6690	0.00016
6691	0.00016
6692	0.00016
6693	0.00016
6694	0.00016
6695	0.00016
6696	0.00016
6697	0.00016
6698	0.00016
6699	0.00016
6700	0.00016
6701	0.00016
6702	0.00016
6703	0.00016
6704	0.00016
6705	0.00016
6706	0.00016
6707	0.00016
6708	0.00016
6709	0.00016
6710	0.00016
6711	0.00016
6712	0.00016
6713	0.00016
6714	0.00016
6715	0.00016
6716	0.00016
6717	0.00016
6718	0.00016
6719	0.00016
6720	0.00016
6721	0.00016
6722	0.00016
6723	0.00016
6724	0.00016
6725	0.00016
6726	0.00016
6727	0.00016
6728	0.00016
6729	0.00016
6730	0.00016
6731	0.00016
6732	0.00016
6733	0.00016
6734	0.00016
6735	0.00016
6736	0.00016
6737	0.00016
6738	0.00016
6739	0.00016
6740	0.00016
6741	0.00016
6742	0.00016
6743	0.00016
6744	0.00016
6745	0.00016
6746	0.00016
6747	0.00016
6748	0.00016
6749	0.00016
6750	0.00016
6751	0.00016
6752	0.00016
6753	0.00016
6754	0.00016
6755	0.00016
6756	0.00016
6757	0.00016
6758	0.00016
6759	0.00016
6760	0.00016
6761	0.00016
6762	0.00016
6763	0.00016
6764	0.00016
6765	0.00016
6766	0.00016
6767	0.00016
6768	0.00016
6769	0.00016
6770	0.00016
6771	0.00016
6772	0.00016
6773	0.00016
6774	0.00016
6775	0.00016
6776	0.00016
6777	0.00016
6778	0.00016
6779	0.00016
6780	0.00016
6781	0.00016
6782	0.00016
6783	0.00016
6784	0.00016
6785	0.00016
6786	0.00016
6787	0.00016
6788	0.00016
6789	0.00016
6790	0.00016
6791	0.00016
6792	0.00016
6793	0.00016
6794	0.00016
6795	0.00016
6796	0.00016
6797	0.00016
6798	0.00016
6799	0.00016
6800	0.00016
6801	0.00016
6802	0.00016
6803	0.00016
6804	0.00016
6805	0.00016
6806	0.00016
6807	0.00016
6808	0.00016
6809	0.00016
6810	0.00016
6811	0.00016
6812	0.00016
6813	0.00016
6814	0.00016
6815	0.00016
6816	0.00016
6817	0.00016
6818	0.00016
6819	0.00016
6820	0.00016
6821	0.00016
6822	0.00016
6823	0.00016
6824	0.00016
6825	0.00016
6826	0.00016
6827	0.00016
6828	0.00016
6829	0.00016
6830	0.00016
6831	0.00016
6832	0.00016
6833	0.00016
6834	0.00016
6835	0.00016
6836	0.00016
6837	0.00016
6838	0.00016
6839	0.00016
6840	0.00016
6841	0.00016
6842	0.00016
6843	0.00016
6844	0.00016
6845	0.00016
6846	0.00016
6847	0.00016
6848	0.00016
6849	0.00016
6850	0.00016
6851	0.00016
6852	0.00016
6853	0.00016
6854	0.00016
6855	0.00016
6856	0.00016
6857	0.00016
6858	0.00016
6859	0.00016
6860	0.00016
6861	0.00016
6862	0.00016
6863	0.00016
6864	0.00016
6865	0.00016
6866	0.00016
6867	0.00016
6868	0.00016
6869	0.00016
6870	0.00016
6871	0.00016
6872	0.00016
6873	0.00016
6874	0.00016
6875	0.00016
6876	0.00016
6877	0.00016
6878	0.00016
6879	0.00016
6880	0.00016
6881	0.00016
6882	0.00016
6883	0.00016
6884	0.00016
6885	0.00016
6886	0.00016
6887	0.00016
6888	0.00016
6889	0.00016
6890	0.00016
6891	0.00016
6892	0.00016
6893	0.00016
6894	0.00016
6895	0.00016
6896	0.00016
6897	0.00016
6898	0.00016
6899	0.00016
6900	0.00016
6901	0.00016
6902	0.00016
6903	0.00016
6904	0.00016
6905	0.00016
6906	0.00016
6907	0.00016
6908	0.00016
6909	0.00016
6910	0.00016
6911	0.00016
6912	0.00016
6913	0.00016
6914	0.00016
6915	0.00016
6916	0.00016
6917	0.00016
6918	0.00016
6919	0.00016
6920	0.00016
6921	0.00016
6922	0.00016
6923	0.00016
6924	0.00016
6925	0.00016
6926	0.00016
6927	0.00016
6928	0.00016
6929	0.00016
6930	0.00016
6931	0.00016
6932	0.00016
6933	0.00016
6934	0.00016
6935	0.00016
6936	0.00016
6937	0.00016
6938	0.00016
6939	0.00016
6940	0.00016
6941	0.00016
6942	0.00016
6943	0.00016
6944	0.00016
6945	0.00016
6946	0.00016
6947	0.00016
6948	0.00016
6949	0.00016
6950	0.00016
6951	0.00016
6952	0.00016
6953	0.00016
6954	0.00016
6955	0.00016
6956	0.00016
6957	0.00016
6958	0.00016
6959	0.00016
6960	0.00016
6961	0.00016
6962	0.00016
6963	0.00016
6964	0.00016
6965	0.00016
6966	0.00016
6967	0.00016
6968	0.00016
6969	0.00016
6970	0.00016
6971	0.00016
6972	0.00016
6973	0.00016
6974	0.00016
6975	0.00016
6976	0.00016
6977	0.00016
6978	0.00016
6979	0.00016
6980	0.00016
6981	0.00016
6982	0.00016
6983	0.00016
6984	0.00016
6985	0.00016
6986	0.00016
6987	0.00016
6988	0.00016
6989	0.00016
6990	0.00016
6991	0.00016
6992	0.00016
6993	0.00016
6994	0.00016
6995	0.00016
6996	0.00016
6997	0.00016
6998	0.00016
6999	0.00016
7000	0.00016
7001	0.00016
7002	0.00016
7003	0.00016
7004	0.00016
7005	0.00016
7006	0.00016
7007	0.00016
7008	0.00016
7009	0.00016
7010	0.00016
7011	0.00016
7012	0.00016
7013	0.00016
7014	0.00016
7015	0.00016
7016	0.00016
7017	0.00016
7018	0.00016
7019	0.00016
7020	0.00016
7021	0.00016
7022	0.00016
7023	0.00016
7024	0.00016
7025	0.00016
7026	0.00016
7027	0.00016
7028	0.00016
7029	0.00016
7030	0.00016
7031	0.00016
7032	0.00016
7033	0.00016
7034	0.00016
7035	0.00016
7036	0.00016
7037	0.00016
7038	0.00016
7039	0.00016
7040	0.00016
7041	0.00016
7042	0.00016
7043	0.00016
7044	0.00016
7045	0.00016
7046	0.00016
7047	0.00016
7048	0.00016
7049	0.00016
7050	0.00016
7051	0.00016
7052	0.00016
7053	0.00016
7054	0.00016
7055	0.00016
7056	0.00016
7057	0.00016
7058	0.00016
7059	0.00016
7060	0.00016
7061	0.00016
7062	0.00016
7063	0.00016
7064	0.00016
7065	0.00016
7066	0.00016
7067	0.00016
7068	0.00016
7069	0.00016
7070	0.00016
7071	0.00016
7072	0.00016
7073	0.00016
7074	0.00016
7075	0.00016
7076	0.00016
7077	0.00016
7078	0.00016
7079	0.00016
7080	0.00016
7081	0.00016
7082	0.00016
7083	0.00016
7084	0.00016
7085	0.00016
7086	0.00016
7087	0.00016
7088	0.00016
7089	0.00016
7090	0.00016
7091	0.00016
7092	0.00016
7093	0.00016
7094	0.00016
7095	0.00016
7096	0.00016
7097	0.00016
7098	0.00016
7099	0.00016
7100	0.00016
7101	0.00016
7102	0.00016
7103	0.00016
7104	0.00016
7105	0.00016
7106	0.00016
7107	0.00016
7108	0.00016
7109	0.00016
7110	0.00016
7111	0.00016
7112	0.00016
7113	0.00016
7114	0.00016
7115	0.00016
7116	0.00016
7117	0.00016
7118	0.00016
7119	0.00016
7120	0.00016
7121	0.00016
7122	0.00016
7123	0.00016
7124	0.00016
7125	0.00016
7126	0.00016
7127	0.00016
7128	0.00016
7129	0.00016
7130	0.00016
7131	0.00016
7132	0.00016
7133	0.00016
7134	0.00016
7135	0.00016
7136	0.00016
7137	0.00016
7138	0.00016
7139	0.00016
7140	0.00016
7141	0.00016
7142	0.00016
7143	0.00016
7144	0.00016
7145	0.00016
7146	0.00016
7147	0.00016
7148	0.00016
7149	0.00016
7150	0.00016
7151	0.00016
7152	0.00016
7153	0.00016
7154	0.00016
7155	0.00016
7156	0.00016
7157	0.00016
7158	0.00016
7159	0.00016
7160	0.00016
7161	0.00016
7162	0.00016
7163	0.00016
7164	0.00016
7165	0.00016
7166	0.00016
7167	0.00016
7168	0.00016
7169	0.00016
7170	0.00016
7171	0.00016
7172	0.00016
7173	0.00016
7174	0.00016
7175	0.00016
7176	0.00016
7177	0.00016
7178	0.00016
7179	0.00016
7180	0.00016
7181	0.00016
7182	0.00016
7183	0.00016
7184	0.00016
7185	0.00016
7186	0.00016
7187	0.00016
7188	0.00016
7189	0.00016
7190	0.00016
7191	0.00016
7192	0.00016
7193	0.00016
7194	0.00016
7195	0.00016
7196	0.00016
7197	0.00016
7198	0.00016
7199	0.00016
7200	0.00016
7201	0.00016
7202	0.00016
7203	0.00016
7204	0.00016
7205	0.00016
7206	0.00016
7207	0.00016
7208	0.00016
7209	0.00016
7210	0.00016
7211	0.00016
7212	0.00016
7213	0.00016
7214	0.00016
7215	0.00016
7216	0.00016
7217	0.00016
7218	0.00016
7219	0.00016
7220	0.00016
7221	0.00016
7222	0.00016
7223	0.00016
7224	0.00016
7225	0.00016
7226	0.00016
7227	0.00016
7228	0.00016
7229	0.00016
7230	0.00016
7231	0.00016
7232	0.00016
7233	0.00016
7234	0.00016
7235	0.00016
7236	0.00016
7237	0.00016
7238	0.00016
7239	0.00016
7240	0.00016
7241	0.00016
7242	0.00016
7243	0.00016
7244	0.00016
7245	0.00016
7246	0.00016
7247	0.00016
7248	0.00016
7249	0.00016
7250	0.00016
7251	0.00016
7252	0.00016
7253	0.00016
7254	0.00016
7255	0.00016
7256	0.00016
7257	0.00016
7258	0.00016
7259	0.00016
7260	0.00016
7261	0.00016
7262	0.00016
7263	0.00016
7264	0.00016
7265	0.00016
7266	0.00016
7267	0.00016
7268	0.00016
7269	0.00016
7270	0.00016
7271	0.00016
7272	0.00016
7273	0.00016
7274	0.00016
7275	0.00016
7276	0.00016
7277	0.00016
7278	0.00016
7279	0.00016
7280	0.00016
7281	0.00016
7282	0.00016
7283	0.00016
7284	0.00016
7285	0.00016
7286	0.00016
7287	0.00016
7288	0.00016
7289	0.00016
7290	0.00016
7291	0.00016
7292	0.00016
7293	0.00016
7294	0.00016
7295	0.00016
7296	0.00016
7297	0.00016
7298	0.00016
7299	0.00016
7300	0.00016
7301	0.00016
7302	0.00016
7303	0.00016
7304	0.00016
7305	0.00016
7306	0.00016
7307	0.00016
7308	0.00016
7309	0.00016
7310	0.00016
7311	0.00016
7312	0.00016
7313	0.00016
7314	0.00016
7315	0.00016
7316	0.00016
7317	0.00016
7318	0.00016
7319	0.00016
7320	0.00016
7321	0.00016
7322	0.00016
7323	0.00016
7324	0.00016
7325	0.00016
7326	0.00016
7327	0.00016
7328	0.00016
7329	0.00016
7330	0.00016
7331	0.00016
7332	0.00016
7333	0.00016
7334	0.00016
7335	0.00016
7336	0.00016
7337	0.00016
7338	0.00016
7339	0.00016
7340	0.00016
7341	0.00016
7342	0.00016
7343	0.00016
7344	0.00016
7345	0.00016
7346	0.00016
7347	0.00016
7348	0.00016
7349	0.00016
7350	0.00016
7351	0.00016
7352	0.00016
7353	0.00016
7354	0.00016
7355	0.00016
7356	0.00016
7357	0.00016
7358	0.00016
7359	0.00016
7360	0.00016
7361	0.00016
7362	0.00016
7363	0.00016
7364	0.00016
7365	0.00016
7366	0.00016
7367	0.00016
7368	0.00016
7369	0.00016
7370	0.00016
7371	0.00016
7372	0.00016
7373	0.00016
7374	0.00016
7375	0.00016
7376	0.00016
7377	0.00016
7378	0.00016
7379	0.00016
7380	0.00016
7381	0.00016
7382	0.00016
7383	0.00016
7384	0.00016
7385	0.00016
7386	0.00016
7387	0.00016
7388	0.00016
7389	0.00016
7390	0.00016
7391	0.00016
7392	0.00016
7393	0.00016
7394	0.00016
7395	0.00016
7396	0.00016
7397	0.00016
7398	0.00016
7399	0.00016
7400	0.00016
7401	0.00016
7402	0.00016
7403	0.00016
7404	0.00016
7405	0.00016
7406	0.00016
7407	0.00016
7408	0.00016
7409	0.00016
7410	0.00016
7411	0.00016
7412	0.00016
7413	0.00016
7414	0.00016
7415	0.00016
7416	0.00016
7417	0.00016
7418	0.00016
7419	0.00016
7420	0.00016
7421	0.00016
7422	0.00016
7423	0.00016
7424	0.00016
7425	0.00016
7426	0.00016
7427	0.00016
7428	0.00016
7429	0.00016
7430	0.00016
7431	0.00016
7432	0.00016
7433	0.00016
7434	0.00016
7435	0.00016
7436	0.00016
7437	0.00016
7438	0.00016
7439	0.00016
7440	0.00016
7441	0.00016
7442	0.00016
7443	0.00016
7444	0.00016
7445	0.00016
7446	0.00016
7447	0.00016
7448	0.00016
7449	0.00016
7450	0.00016
7451	0.00016
7452	0.00016
7453	0.00016
7454	0.00016
7455	0.00016
7456	0.00016
7457	0.00016
7458	0.00016
7459	0.00016
7460	0.00016
7461	0.00016
7462	0.00016
7463	0.00016
7464	0.00016
7465	0.00016
7466	0.00016
7467	0.00016
7468	0.00016
7469	0.00016
7470	0.00016
7471	0.00016
7472	0.00016
7473	0.00016
7474	0.00016
7475	0.00016
7476	0.00016
7477	0.00016
7478	0.00016
7479	0.00016
7480	0.00016
7481	0.00016
7482	0.00016
7483	0.00016
7484	0.00016
7485	0.00016
7486	0.00016
7487	0.00016
7488	0.00016
7489	0.00016
7490	0.00016
7491	0.00016
7492	0.00016
7493	0.00016
7494	0.00016
7495	0.00016
7496	0.00016
7497	0.00016
7498	0.00016
7499	0.00016
7500	0.00016
7501	0.00016
7502	0.00016
7503	0.00016
7504	0.00016
7505	0.00016
7506	0.00016
7507	0.00016
7508	0.00016
7509	0.00016
7510	0.00016
7511	0.00016
7512	0.00016
7513	0.00016
7514	0.00016
7515	0.00016
7516	0.00016
7517	0.00016
7518	0.00016
7519	0.00016
7520	0.00016
7521	0.00016
7522	0.00016
7523	0.00016
7524	0.00016
7525	0.00016
7526	0.00016
7527	0.00016
7528	0.00016
7529	0.00016
7530	0.00016
7531	0.00016
7532	0.00016
7533	0.00016
7534	0.00016
7535	0.00016
7536	0.00016
7537	0.00016
7538	0.00016
7539	0.00016
7540	0.00016
7541	0.00016
7542	0.00016
7543	0.00016
7544	0.00016
7545	0.00016
7546	0.00016
7547	0.00016
7548	0.00016
7549	0.00016
7550	0.00016
7551	0.00016
7552	0.00016
7553	0.00016
7554	0.00016
7555	0.00016
7556	0.00016
7557	0.00016
7558	0.00016
7559	0.00016
7560	0.00016
7561	0.00016
7562	0.00016
7563	0.00016
7564	0.00016
7565	0.00016
7566	0.00016
7567	0.00016
7568	0.00016
7569	0.00016
7570	0.00016
7571	0.00016
7572	0.00016
7573	0.00016
7574	0.00016
7575	0.00016
7576	0.00016
7577	0.00016
7578	0.00016
7579	0.00016
7580	0.00016
7581	0.00016
7582	0.00016
7583	0.00016
7584	0.00016
7585	0.00016
7586	0.00016
7587	0.00016
7588	0.00016
7589	0.00016
7590	0.00016
7591	0.00016
7592	0.00016
7593	0.00016
7594	0.00016
7595	0.00016
7596	0.00016
7597	0.00016
7598	0.00016
7599	0.00016
7600	0.00016
7601	0.00016
7602	0.00016
7603	0.00016
7604	0.00016
7605	0.00016
7606	0.00016
7607	0.00016
7608	0.00016
7609	0.00016
7610	0.00016
7611	0.00016
7612	0.00016
7613	0.00016
7614	0.00016
7615	0.00016
7616	0.00016
7617	0.00016
7618	0.00016
7619	0.00016
7620	0.00016
7621	0.00016
7622	0.00016
7623	0.00016
7624	0.00016
7625	0.00016
7626	0.00016
7627	0.00016
7628	0.00016
7629	0.00016
7630	0.00016
7631	0.00016
7632	0.00016
7633	0.00016
7634	0.00016
7635	0.00016
7636	0.00016
7637	0.00016
7638	0.00016
7639	0.00016
7640	0.00016
7641	0.00016
7642	0.00016
7643	0.00016
7644	0.00016
7645	0.00016
7646	0.00016
7647	0.00016
7648	0.00016
7649	0.00016
7650	0.00016
7651	0.00016
7652	0.00016
7653	0.00016
7654	0.00016
7655	0.00016
7656	0.00016
7657	0.00016
7658	0.00016
7659	0.00016
7660	0.00016
7661	0.00016
7662	0.00016
7663	0.00016
7664	0.00016
7665	0.00016
7666	0.00016
7667	0.00016
7668	0.00016
7669	0.00016
7670	0.00016
7671	0.00016
7672	0.00016
7673	0.00016
7674	0.00016
7675	0.00016
7676	0.00016
7677	0.00016
7678	0.00016
7679	0.00016
7680	0.00016
7681	0.00016
7682	0.00016
7683	0.00016
7684	0.00016
7685	0.00016
7686	0.00016
7687	0.00016
7688	0.00016
7689	0.00016
7690	0.00016
7691	0.00016
7692	0.00016
7693	0.00016
7694	0.00016
7695	0.00016
7696	0.00016
7697	0.00016
7698	0.00016
7699	0.00016
7700	0.00016
7701	0.00016
7702	0.00016
7703	0.00016
7704	0.00016
7705	0.00016
7706	0.00016
7707	0.00016
7708	0.00016
7709	0.00016
7710	0.00016
7711	0.00016
7712	0.00016
7713	0.00016
7714	0.00016
7715	0.00016
7716	0.00016
7717	0.00016
7718	0.00016
7719	0.00016
7720	0.00016
7721	0.00016
7722	0.00016
7723	0.00016
7724	0.00016
7725	0.00016
7726	0.00016
7727	0.00016
7728	0.00016
7729	0.00016
7730	0.00016
7731	0.00016
7732	0.00016
7733	0.00016
7734	0.00016
7735	0.00016
7736	0.00016
7737	0.00016
7738	0.00016
7739	0.00016
7740	0.00016
7741	0.00016
7742	0.00016
7743	0.00016
7744	0.00016
7745	0.00016
7746	0.00016
7747	0.00016
7748	0.00016
7749	0.00016
7750	0.00016
7751	0.00016
7752	0.00016
7753	0.00016
7754	0.00016
7755	0.00016
7756	0.00016
7757	0.00016
7758	0.00016
7759	0.00016
7760	0.00016
7761	0.00016
7762	0.00016
7763	0.00016
7764	0.00016
7765	0.00016
7766	0.00016
7767	0.00016
7768	0.00016
7769	0.00016
7770	0.00016
7771	0.00016
7772	0.00016
7773	0.00016
7774	0.00016
7775	0.00016
7776	0.00016
7777	0.00016
7778	0.00016
7779	0.00016
7780	0.00016
7781	0.00016
7782	0.00016
7783	0.00016
7784	0.00016
7785	0.00016
7786	0.00016
7787	0.00016
7788	0.00016
7789	0.00016
7790	0.00016
7791	0.00016
7792	0.00016
7793	0.00016
7794	0.00016
7795	0.00016
7796	0.00016
7797	0.00016
7798	0.00016
7799	0.00016
7800	0.00016
7801	0.00016
7802	0.00016
7803	0.00016
7804	0.00016
7805	0.00016
7806	0.00016
7807	0.00016
7808	0.00016
7809	0.00016
7810	0.00016
7811	0.00016
7812	0.00016
