Node	Parent
3	1
4	1
5	1
6	1
7	1
8	2
9	2
10	2
11	2
12	2
13	3
14	3
15	3
16	3
17	3
18	4
19	4
20	4
21	4
22	4
23	5
24	5
25	5
26	5
27	5
28	6
29	6
30	6
31	6
32	6
33	7
34	7
35	7
36	7
37	7
38	8
39	8
40	8
41	8
42	8
43	9
44	9
45	9
46	9
47	9
48	10
49	10
50	10
51	10
52	10
53	11
54	11
55	11
56	11
57	11
58	12
59	12
60	12
61	12
62	12
63	13
64	13
65	13
66	13
67	13
68	14
69	14
70	14
71	14
72	14
73	15
74	15
75	15
76	15
77	15
78	16
79	16
80	16
81	16
82	16
83	17
84	17
85	17
86	17
87	17
88	18
89	18
90	18
91	18
92	18
93	19
94	19
95	19
96	19
97	19
98	20
99	20
100	20
101	20
102	20
103	21
104	21
105	21
106	21
107	21
108	22
109	22
110	22
111	22
112	22
113	23
114	23
115	23
116	23
117	23
118	24
119	24
120	24
121	24
122	24
123	25
124	25
125	25
126	25
127	25
128	26
129	26
130	26
131	26
132	26
133	27
134	27
135	27
136	27
137	27
138	28
139	28
140	28
141	28
142	28
143	29
144	29
145	29
146	29
147	29
148	30
149	30
150	30
151	30
152	30
153	31
154	31
155	31
156	31
157	31
158	32
159	32
160	32
161	32
162	32
163	33
164	33
165	33
166	33
167	33
168	34
169	34
170	34
171	34
172	34
173	35
174	35
175	35
176	35
177	35
178	36
179	36
180	36
181	36
182	36
183	37
184	37
185	37
186	37
187	37
188	38
189	38
190	38
191	38
192	38
193	39
194	39
195	39
196	39
197	39
198	40
199	40
200	40
201	40
202	40
203	41
204	41
205	41
206	41
207	41
208	42
209	42
210	42
211	42
212	42
213	43
214	43
215	43
216	43
217	43
218	44
219	44
220	44
221	44
222	44
223	45
224	45
225	45
226	45
227	45
228	46
229	46
230	46
231	46
232	46
233	47
234	47
235	47
236	47
237	47
238	48
239	48
240	48
241	48
242	48
243	49
244	49
245	49
246	49
247	49
248	50
249	50
250	50
251	50
252	50
253	51
254	51
255	51
256	51
257	51
258	52
259	52
260	52
261	52
262	52
263	53
264	53
265	53
266	53
267	53
268	54
269	54
270	54
271	54
272	54
273	55
274	55
275	55
276	55
277	55
278	56
279	56
280	56
281	56
282	56
283	57
284	57
285	57
286	57
287	57
288	58
289	58
290	58
291	58
292	58
293	59
294	59
295	59
296	59
297	59
298	60
299	60
300	60
301	60
302	60
303	61
304	61
305	61
306	61
307	61
308	62
309	62
310	62
311	62
312	62
313	63
314	63
315	63
316	63
317	63
318	64
319	64
320	64
321	64
322	64
323	65
324	65
325	65
326	65
327	65
328	66
329	66
330	66
331	66
332	66
333	67
334	67
335	67
336	67
337	67
338	68
339	68
340	68
341	68
342	68
343	69
344	69
345	69
346	69
347	69
348	70
349	70
350	70
351	70
352	70
353	71
354	71
355	71
356	71
357	71
358	72
359	72
360	72
361	72
362	72
363	73
364	73
365	73
366	73
367	73
368	74
369	74
370	74
371	74
372	74
373	75
374	75
375	75
376	75
377	75
378	76
379	76
380	76
381	76
382	76
383	77
384	77
385	77
386	77
387	77
388	78
389	78
390	78
391	78
392	78
393	79
394	79
395	79
396	79
397	79
398	80
399	80
400	80
401	80
402	80
403	81
404	81
405	81
406	81
407	81
408	82
409	82
410	82
411	82
412	82
413	83
414	83
415	83
416	83
417	83
418	84
419	84
420	84
421	84
422	84
423	85
424	85
425	85
426	85
427	85
428	86
429	86
430	86
431	86
432	86
433	87
434	87
435	87
436	87
437	87
438	88
439	88
440	88
441	88
442	88
443	89
444	89
445	89
446	89
447	89
448	90
449	90
450	90
451	90
452	90
453	91
454	91
455	91
456	91
457	91
458	92
459	92
460	92
461	92
462	92
463	93
464	93
465	93
466	93
467	93
468	94
469	94
470	94
471	94
472	94
473	95
474	95
475	95
476	95
477	95
478	96
479	96
480	96
481	96
482	96
483	97
484	97
485	97
486	97
487	97
488	98
489	98
490	98
491	98
492	98
493	99
494	99
495	99
496	99
497	99
498	100
499	100
500	100
501	100
502	100
503	101
504	101
505	101
506	101
507	101
508	102
509	102
510	102
511	102
512	102
513	103
514	103
515	103
516	103
517	103
518	104
519	104
520	104
521	104
522	104
523	105
524	105
525	105
526	105
527	105
528	106
529	106
530	106
531	106
532	106
533	107
534	107
535	107
536	107
537	107
538	108
539	108
540	108
541	108
542	108
543	109
544	109
545	109
546	109
547	109
548	110
549	110
550	110
551	110
552	110
553	111
554	111
555	111
556	111
557	111
558	112
559	112
560	112
561	112
562	112
563	113
564	113
565	113
566	113
567	113
568	114
569	114
570	114
571	114
572	114
573	115
574	115
575	115
576	115
577	115
578	116
579	116
580	116
581	116
582	116
583	117
584	117
585	117
586	117
587	117
588	118
589	118
590	118
591	118
592	118
593	119
594	119
595	119
596	119
597	119
598	120
599	120
600	120
601	120
602	120
603	121
604	121
605	121
606	121
607	121
608	122
609	122
610	122
611	122
612	122
613	123
614	123
615	123
616	123
617	123
618	124
619	124
620	124
621	124
622	124
623	125
624	125
625	125
626	125
627	125
628	126
629	126
630	126
631	126
632	126
633	127
634	127
635	127
636	127
637	127
638	128
639	128
640	128
641	128
642	128
643	129
644	129
645	129
646	129
647	129
648	130
649	130
650	130
651	130
652	130
653	131
654	131
655	131
656	131
657	131
658	132
659	132
660	132
661	132
662	132
663	133
664	133
665	133
666	133
667	133
668	134
669	134
670	134
671	134
672	134
673	135
674	135
675	135
676	135
677	135
678	136
679	136
680	136
681	136
682	136
683	137
684	137
685	137
686	137
687	137
688	138
689	138
690	138
691	138
692	138
693	139
694	139
695	139
696	139
697	139
698	140
699	140
700	140
701	140
702	140
703	141
704	141
705	141
706	141
707	141
708	142
709	142
710	142
711	142
712	142
713	143
714	143
715	143
716	143
717	143
718	144
719	144
720	144
721	144
722	144
723	145
724	145
725	145
726	145
727	145
728	146
729	146
730	146
731	146
732	146
733	147
734	147
735	147
736	147
737	147
738	148
739	148
740	148
741	148
742	148
743	149
744	149
745	149
746	149
747	149
748	150
749	150
750	150
751	150
752	150
753	151
754	151
755	151
756	151
757	151
758	152
759	152
760	152
761	152
762	152
763	153
764	153
765	153
766	153
767	153
768	154
769	154
770	154
771	154
772	154
773	155
774	155
775	155
776	155
777	155
778	156
779	156
780	156
781	156
782	156
783	157
784	157
785	157
786	157
787	157
788	158
789	158
790	158
791	158
792	158
793	159
794	159
795	159
796	159
797	159
798	160
799	160
800	160
801	160
802	160
803	161
804	161
805	161
806	161
807	161
808	162
809	162
810	162
811	162
812	162
813	163
814	163
815	163
816	163
817	163
818	164
819	164
820	164
821	164
822	164
823	165
824	165
825	165
826	165
827	165
828	166
829	166
830	166
831	166
832	166
833	167
834	167
835	167
836	167
837	167
838	168
839	168
840	168
841	168
842	168
843	169
844	169
845	169
846	169
847	169
848	170
849	170
850	170
851	170
852	170
853	171
854	171
855	171
856	171
857	171
858	172
859	172
860	172
861	172
862	172
863	173
864	173
865	173
866	173
867	173
868	174
869	174
870	174
871	174
872	174
873	175
874	175
875	175
876	175
877	175
878	176
879	176
880	176
881	176
882	176
883	177
884	177
885	177
886	177
887	177
888	178
889	178
890	178
891	178
892	178
893	179
894	179
895	179
896	179
897	179
898	180
899	180
900	180
901	180
902	180
903	181
904	181
905	181
906	181
907	181
908	182
909	182
910	182
911	182
912	182
913	183
914	183
915	183
916	183
917	183
918	184
919	184
920	184
921	184
922	184
923	185
924	185
925	185
926	185
927	185
928	186
929	186
930	186
931	186
932	186
933	187
934	187
935	187
936	187
937	187
938	188
939	188
940	188
941	188
942	188
943	189
944	189
945	189
946	189
947	189
948	190
949	190
950	190
951	190
952	190
953	191
954	191
955	191
956	191
957	191
958	192
959	192
960	192
961	192
962	192
963	193
964	193
965	193
966	193
967	193
968	194
969	194
970	194
971	194
972	194
973	195
974	195
975	195
976	195
977	195
978	196
979	196
980	196
981	196
982	196
983	197
984	197
985	197
986	197
987	197
988	198
989	198
990	198
991	198
992	198
993	199
994	199
995	199
996	199
997	199
998	200
999	200
1000	200
1001	200
1002	200
1003	201
1004	201
1005	201
1006	201
1007	201
1008	202
1009	202
1010	202
1011	202
1012	202
1013	203
1014	203
1015	203
1016	203
1017	203
1018	204
1019	204
1020	204
1021	204
1022	204
1023	205
1024	205
1025	205
1026	205
1027	205
1028	206
1029	206
1030	206
1031	206
1032	206
1033	207
1034	207
1035	207
1036	207
1037	207
1038	208
1039	208
1040	208
1041	208
1042	208
1043	209
1044	209
1045	209
1046	209
1047	209
1048	210
1049	210
1050	210
1051	210
1052	210
1053	211
1054	211
1055	211
1056	211
1057	211
1058	212
1059	212
1060	212
1061	212
1062	212
1063	213
1064	213
1065	213
1066	213
1067	213
1068	214
1069	214
1070	214
1071	214
1072	214
1073	215
1074	215
1075	215
1076	215
1077	215
1078	216
1079	216
1080	216
1081	216
1082	216
1083	217
1084	217
1085	217
1086	217
1087	217
1088	218
1089	218
1090	218
1091	218
1092	218
1093	219
1094	219
1095	219
1096	219
1097	219
1098	220
1099	220
1100	220
1101	220
1102	220
1103	221
1104	221
1105	221
1106	221
1107	221
1108	222
1109	222
1110	222
1111	222
1112	222
1113	223
1114	223
1115	223
1116	223
1117	223
1118	224
1119	224
1120	224
1121	224
1122	224
1123	225
1124	225
1125	225
1126	225
1127	225
1128	226
1129	226
1130	226
1131	226
1132	226
1133	227
1134	227
1135	227
1136	227
1137	227
1138	228
1139	228
1140	228
1141	228
1142	228
1143	229
1144	229
1145	229
1146	229
1147	229
1148	230
1149	230
1150	230
1151	230
1152	230
1153	231
1154	231
1155	231
1156	231
1157	231
1158	232
1159	232
1160	232
1161	232
1162	232
1163	233
1164	233
1165	233
1166	233
1167	233
1168	234
1169	234
1170	234
1171	234
1172	234
1173	235
1174	235
1175	235
1176	235
1177	235
1178	236
1179	236
1180	236
1181	236
1182	236
1183	237
1184	237
1185	237
1186	237
1187	237
1188	238
1189	238
1190	238
1191	238
1192	238
1193	239
1194	239
1195	239
1196	239
1197	239
1198	240
1199	240
1200	240
1201	240
1202	240
1203	241
1204	241
1205	241
1206	241
1207	241
1208	242
1209	242
1210	242
1211	242
1212	242
1213	243
1214	243
1215	243
1216	243
1217	243
1218	244
1219	244
1220	244
1221	244
1222	244
1223	245
1224	245
1225	245
1226	245
1227	245
1228	246
1229	246
1230	246
1231	246
1232	246
1233	247
1234	247
1235	247
1236	247
1237	247
1238	248
1239	248
1240	248
1241	248
1242	248
1243	249
1244	249
1245	249
1246	249
1247	249
1248	250
1249	250
1250	250
1251	250
1252	250
1253	251
1254	251
1255	251
1256	251
1257	251
1258	252
1259	252
1260	252
1261	252
1262	252
1263	253
1264	253
1265	253
1266	253
1267	253
1268	254
1269	254
1270	254
1271	254
1272	254
1273	255
1274	255
1275	255
1276	255
1277	255
1278	256
1279	256
1280	256
1281	256
1282	256
1283	257
1284	257
1285	257
1286	257
1287	257
1288	258
1289	258
1290	258
1291	258
1292	258
1293	259
1294	259
1295	259
1296	259
1297	259
1298	260
1299	260
1300	260
1301	260
1302	260
1303	261
1304	261
1305	261
1306	261
1307	261
1308	262
1309	262
1310	262
1311	262
1312	262
1313	263
1314	263
1315	263
1316	263
1317	263
1318	264
1319	264
1320	264
1321	264
1322	264
1323	265
1324	265
1325	265
1326	265
1327	265
1328	266
1329	266
1330	266
1331	266
1332	266
1333	267
1334	267
1335	267
1336	267
1337	267
1338	268
1339	268
1340	268
1341	268
1342	268
1343	269
1344	269
1345	269
1346	269
1347	269
1348	270
1349	270
1350	270
1351	270
1352	270
1353	271
1354	271
1355	271
1356	271
1357	271
1358	272
1359	272
1360	272
1361	272
1362	272
1363	273
1364	273
1365	273
1366	273
1367	273
1368	274
1369	274
1370	274
1371	274
1372	274
1373	275
1374	275
1375	275
1376	275
1377	275
1378	276
1379	276
1380	276
1381	276
1382	276
1383	277
1384	277
1385	277
1386	277
1387	277
1388	278
1389	278
1390	278
1391	278
1392	278
1393	279
1394	279
1395	279
1396	279
1397	279
1398	280
1399	280
1400	280
1401	280
1402	280
1403	281
1404	281
1405	281
1406	281
1407	281
1408	282
1409	282
1410	282
1411	282
1412	282
1413	283
1414	283
1415	283
1416	283
1417	283
1418	284
1419	284
1420	284
1421	284
1422	284
1423	285
1424	285
1425	285
1426	285
1427	285
1428	286
1429	286
1430	286
1431	286
1432	286
1433	287
1434	287
1435	287
1436	287
1437	287
1438	288
1439	288
1440	288
1441	288
1442	288
1443	289
1444	289
1445	289
1446	289
1447	289
1448	290
1449	290
1450	290
1451	290
1452	290
1453	291
1454	291
1455	291
1456	291
1457	291
1458	292
1459	292
1460	292
1461	292
1462	292
1463	293
1464	293
1465	293
1466	293
1467	293
1468	294
1469	294
1470	294
1471	294
1472	294
1473	295
1474	295
1475	295
1476	295
1477	295
1478	296
1479	296
1480	296
1481	296
1482	296
1483	297
1484	297
1485	297
1486	297
1487	297
1488	298
1489	298
1490	298
1491	298
1492	298
1493	299
1494	299
1495	299
1496	299
1497	299
1498	300
1499	300
1500	300
1501	300
1502	300
1503	301
1504	301
1505	301
1506	301
1507	301
1508	302
1509	302
1510	302
1511	302
1512	302
1513	303
1514	303
1515	303
1516	303
1517	303
1518	304
1519	304
1520	304
1521	304
1522	304
1523	305
1524	305
1525	305
1526	305
1527	305
1528	306
1529	306
1530	306
1531	306
1532	306
1533	307
1534	307
1535	307
1536	307
1537	307
1538	308
1539	308
1540	308
1541	308
1542	308
1543	309
1544	309
1545	309
1546	309
1547	309
1548	310
1549	310
1550	310
1551	310
1552	310
1553	311
1554	311
1555	311
1556	311
1557	311
1558	312
1559	312
1560	312
1561	312
1562	312
1563	313
1564	313
1565	313
1566	313
1567	313
1568	314
1569	314
1570	314
1571	314
1572	314
1573	315
1574	315
1575	315
1576	315
1577	315
1578	316
1579	316
1580	316
1581	316
1582	316
1583	317
1584	317
1585	317
1586	317
1587	317
1588	318
1589	318
1590	318
1591	318
1592	318
1593	319
1594	319
1595	319
1596	319
1597	319
1598	320
1599	320
1600	320
1601	320
1602	320
1603	321
1604	321
1605	321
1606	321
1607	321
1608	322
1609	322
1610	322
1611	322
1612	322
1613	323
1614	323
1615	323
1616	323
1617	323
1618	324
1619	324
1620	324
1621	324
1622	324
1623	325
1624	325
1625	325
1626	325
1627	325
1628	326
1629	326
1630	326
1631	326
1632	326
1633	327
1634	327
1635	327
1636	327
1637	327
1638	328
1639	328
1640	328
1641	328
1642	328
1643	329
1644	329
1645	329
1646	329
1647	329
1648	330
1649	330
1650	330
1651	330
1652	330
1653	331
1654	331
1655	331
1656	331
1657	331
1658	332
1659	332
1660	332
1661	332
1662	332
1663	333
1664	333
1665	333
1666	333
1667	333
1668	334
1669	334
1670	334
1671	334
1672	334
1673	335
1674	335
1675	335
1676	335
1677	335
1678	336
1679	336
1680	336
1681	336
1682	336
1683	337
1684	337
1685	337
1686	337
1687	337
1688	338
1689	338
1690	338
1691	338
1692	338
1693	339
1694	339
1695	339
1696	339
1697	339
1698	340
1699	340
1700	340
1701	340
1702	340
1703	341
1704	341
1705	341
1706	341
1707	341
1708	342
1709	342
1710	342
1711	342
1712	342
1713	343
1714	343
1715	343
1716	343
1717	343
1718	344
1719	344
1720	344
1721	344
1722	344
1723	345
1724	345
1725	345
1726	345
1727	345
1728	346
1729	346
1730	346
1731	346
1732	346
1733	347
1734	347
1735	347
1736	347
1737	347
1738	348
1739	348
1740	348
1741	348
1742	348
1743	349
1744	349
1745	349
1746	349
1747	349
1748	350
1749	350
1750	350
1751	350
1752	350
1753	351
1754	351
1755	351
1756	351
1757	351
1758	352
1759	352
1760	352
1761	352
1762	352
1763	353
1764	353
1765	353
1766	353
1767	353
1768	354
1769	354
1770	354
1771	354
1772	354
1773	355
1774	355
1775	355
1776	355
1777	355
1778	356
1779	356
1780	356
1781	356
1782	356
1783	357
1784	357
1785	357
1786	357
1787	357
1788	358
1789	358
1790	358
1791	358
1792	358
1793	359
1794	359
1795	359
1796	359
1797	359
1798	360
1799	360
1800	360
1801	360
1802	360
1803	361
1804	361
1805	361
1806	361
1807	361
1808	362
1809	362
1810	362
1811	362
1812	362
1813	363
1814	363
1815	363
1816	363
1817	363
1818	364
1819	364
1820	364
1821	364
1822	364
1823	365
1824	365
1825	365
1826	365
1827	365
1828	366
1829	366
1830	366
1831	366
1832	366
1833	367
1834	367
1835	367
1836	367
1837	367
1838	368
1839	368
1840	368
1841	368
1842	368
1843	369
1844	369
1845	369
1846	369
1847	369
1848	370
1849	370
1850	370
1851	370
1852	370
1853	371
1854	371
1855	371
1856	371
1857	371
1858	372
1859	372
1860	372
1861	372
1862	372
1863	373
1864	373
1865	373
1866	373
1867	373
1868	374
1869	374
1870	374
1871	374
1872	374
1873	375
1874	375
1875	375
1876	375
1877	375
1878	376
1879	376
1880	376
1881	376
1882	376
1883	377
1884	377
1885	377
1886	377
1887	377
1888	378
1889	378
1890	378
1891	378
1892	378
1893	379
1894	379
1895	379
1896	379
1897	379
1898	380
1899	380
1900	380
1901	380
1902	380
1903	381
1904	381
1905	381
1906	381
1907	381
1908	382
1909	382
1910	382
1911	382
1912	382
1913	383
1914	383
1915	383
1916	383
1917	383
1918	384
1919	384
1920	384
1921	384
1922	384
1923	385
1924	385
1925	385
1926	385
1927	385
1928	386
1929	386
1930	386
1931	386
1932	386
1933	387
1934	387
1935	387
1936	387
1937	387
1938	388
1939	388
1940	388
1941	388
1942	388
1943	389
1944	389
1945	389
1946	389
1947	389
1948	390
1949	390
1950	390
1951	390
1952	390
1953	391
1954	391
1955	391
1956	391
1957	391
1958	392
1959	392
1960	392
1961	392
1962	392
1963	393
1964	393
1965	393
1966	393
1967	393
1968	394
1969	394
1970	394
1971	394
1972	394
1973	395
1974	395
1975	395
1976	395
1977	395
1978	396
1979	396
1980	396
1981	396
1982	396
1983	397
1984	397
1985	397
1986	397
1987	397
1988	398
1989	398
1990	398
1991	398
1992	398
1993	399
1994	399
1995	399
1996	399
1997	399
1998	400
1999	400
2000	400
2001	400
2002	400
2003	401
2004	401
2005	401
2006	401
2007	401
2008	402
2009	402
2010	402
2011	402
2012	402
2013	403
2014	403
2015	403
2016	403
2017	403
2018	404
2019	404
2020	404
2021	404
2022	404
2023	405
2024	405
2025	405
2026	405
2027	405
2028	406
2029	406
2030	406
2031	406
2032	406
2033	407
2034	407
2035	407
2036	407
2037	407
2038	408
2039	408
2040	408
2041	408
2042	408
2043	409
2044	409
2045	409
2046	409
2047	409
2048	410
2049	410
2050	410
2051	410
2052	410
2053	411
2054	411
2055	411
2056	411
2057	411
2058	412
2059	412
2060	412
2061	412
2062	412
2063	413
2064	413
2065	413
2066	413
2067	413
2068	414
2069	414
2070	414
2071	414
2072	414
2073	415
2074	415
2075	415
2076	415
2077	415
2078	416
2079	416
2080	416
2081	416
2082	416
2083	417
2084	417
2085	417
2086	417
2087	417
2088	418
2089	418
2090	418
2091	418
2092	418
2093	419
2094	419
2095	419
2096	419
2097	419
2098	420
2099	420
2100	420
2101	420
2102	420
2103	421
2104	421
2105	421
2106	421
2107	421
2108	422
2109	422
2110	422
2111	422
2112	422
2113	423
2114	423
2115	423
2116	423
2117	423
2118	424
2119	424
2120	424
2121	424
2122	424
2123	425
2124	425
2125	425
2126	425
2127	425
2128	426
2129	426
2130	426
2131	426
2132	426
2133	427
2134	427
2135	427
2136	427
2137	427
2138	428
2139	428
2140	428
2141	428
2142	428
2143	429
2144	429
2145	429
2146	429
2147	429
2148	430
2149	430
2150	430
2151	430
2152	430
2153	431
2154	431
2155	431
2156	431
2157	431
2158	432
2159	432
2160	432
2161	432
2162	432
2163	433
2164	433
2165	433
2166	433
2167	433
2168	434
2169	434
2170	434
2171	434
2172	434
2173	435
2174	435
2175	435
2176	435
2177	435
2178	436
2179	436
2180	436
2181	436
2182	436
2183	437
2184	437
2185	437
2186	437
2187	437
2188	438
2189	438
2190	438
2191	438
2192	438
2193	439
2194	439
2195	439
2196	439
2197	439
2198	440
2199	440
2200	440
2201	440
2202	440
2203	441
2204	441
2205	441
2206	441
2207	441
2208	442
2209	442
2210	442
2211	442
2212	442
2213	443
2214	443
2215	443
2216	443
2217	443
2218	444
2219	444
2220	444
2221	444
2222	444
2223	445
2224	445
2225	445
2226	445
2227	445
2228	446
2229	446
2230	446
2231	446
2232	446
2233	447
2234	447
2235	447
2236	447
2237	447
2238	448
2239	448
2240	448
2241	448
2242	448
2243	449
2244	449
2245	449
2246	449
2247	449
2248	450
2249	450
2250	450
2251	450
2252	450
2253	451
2254	451
2255	451
2256	451
2257	451
2258	452
2259	452
2260	452
2261	452
2262	452
2263	453
2264	453
2265	453
2266	453
2267	453
2268	454
2269	454
2270	454
2271	454
2272	454
2273	455
2274	455
2275	455
2276	455
2277	455
2278	456
2279	456
2280	456
2281	456
2282	456
2283	457
2284	457
2285	457
2286	457
2287	457
2288	458
2289	458
2290	458
2291	458
2292	458
2293	459
2294	459
2295	459
2296	459
2297	459
2298	460
2299	460
2300	460
2301	460
2302	460
2303	461
2304	461
2305	461
2306	461
2307	461
2308	462
2309	462
2310	462
2311	462
2312	462
2313	463
2314	463
2315	463
2316	463
2317	463
2318	464
2319	464
2320	464
2321	464
2322	464
2323	465
2324	465
2325	465
2326	465
2327	465
2328	466
2329	466
2330	466
2331	466
2332	466
2333	467
2334	467
2335	467
2336	467
2337	467
2338	468
2339	468
2340	468
2341	468
2342	468
2343	469
2344	469
2345	469
2346	469
2347	469
2348	470
2349	470
2350	470
2351	470
2352	470
2353	471
2354	471
2355	471
2356	471
2357	471
2358	472
2359	472
2360	472
2361	472
2362	472
2363	473
2364	473
2365	473
2366	473
2367	473
2368	474
2369	474
2370	474
2371	474
2372	474
2373	475
2374	475
2375	475
2376	475
2377	475
2378	476
2379	476
2380	476
2381	476
2382	476
2383	477
2384	477
2385	477
2386	477
2387	477
2388	478
2389	478
2390	478
2391	478
2392	478
2393	479
2394	479
2395	479
2396	479
2397	479
2398	480
2399	480
2400	480
2401	480
2402	480
2403	481
2404	481
2405	481
2406	481
2407	481
2408	482
2409	482
2410	482
2411	482
2412	482
2413	483
2414	483
2415	483
2416	483
2417	483
2418	484
2419	484
2420	484
2421	484
2422	484
2423	485
2424	485
2425	485
2426	485
2427	485
2428	486
2429	486
2430	486
2431	486
2432	486
2433	487
2434	487
2435	487
2436	487
2437	487
2438	488
2439	488
2440	488
2441	488
2442	488
2443	489
2444	489
2445	489
2446	489
2447	489
2448	490
2449	490
2450	490
2451	490
2452	490
2453	491
2454	491
2455	491
2456	491
2457	491
2458	492
2459	492
2460	492
2461	492
2462	492
2463	493
2464	493
2465	493
2466	493
2467	493
2468	494
2469	494
2470	494
2471	494
2472	494
2473	495
2474	495
2475	495
2476	495
2477	495
2478	496
2479	496
2480	496
2481	496
2482	496
2483	497
2484	497
2485	497
2486	497
2487	497
2488	498
2489	498
2490	498
2491	498
2492	498
2493	499
2494	499
2495	499
2496	499
2497	499
2498	500
2499	500
2500	500
2501	500
2502	500
2503	501
2504	501
2505	501
2506	501
2507	501
2508	502
2509	502
2510	502
2511	502
2512	502
2513	503
2514	503
2515	503
2516	503
2517	503
2518	504
2519	504
2520	504
2521	504
2522	504
2523	505
2524	505
2525	505
2526	505
2527	505
2528	506
2529	506
2530	506
2531	506
2532	506
2533	507
2534	507
2535	507
2536	507
2537	507
2538	508
2539	508
2540	508
2541	508
2542	508
2543	509
2544	509
2545	509
2546	509
2547	509
2548	510
2549	510
2550	510
2551	510
2552	510
2553	511
2554	511
2555	511
2556	511
2557	511
2558	512
2559	512
2560	512
2561	512
2562	512
2563	513
2564	513
2565	513
2566	513
2567	513
2568	514
2569	514
2570	514
2571	514
2572	514
2573	515
2574	515
2575	515
2576	515
2577	515
2578	516
2579	516
2580	516
2581	516
2582	516
2583	517
2584	517
2585	517
2586	517
2587	517
2588	518
2589	518
2590	518
2591	518
2592	518
2593	519
2594	519
2595	519
2596	519
2597	519
2598	520
2599	520
2600	520
2601	520
2602	520
2603	521
2604	521
2605	521
2606	521
2607	521
2608	522
2609	522
2610	522
2611	522
2612	522
2613	523
2614	523
2615	523
2616	523
2617	523
2618	524
2619	524
2620	524
2621	524
2622	524
2623	525
2624	525
2625	525
2626	525
2627	525
2628	526
2629	526
2630	526
2631	526
2632	526
2633	527
2634	527
2635	527
2636	527
2637	527
2638	528
2639	528
2640	528
2641	528
2642	528
2643	529
2644	529
2645	529
2646	529
2647	529
2648	530
2649	530
2650	530
2651	530
2652	530
2653	531
2654	531
2655	531
2656	531
2657	531
2658	532
2659	532
2660	532
2661	532
2662	532
2663	533
2664	533
2665	533
2666	533
2667	533
2668	534
2669	534
2670	534
2671	534
2672	534
2673	535
2674	535
2675	535
2676	535
2677	535
2678	536
2679	536
2680	536
2681	536
2682	536
2683	537
2684	537
2685	537
2686	537
2687	537
2688	538
2689	538
2690	538
2691	538
2692	538
2693	539
2694	539
2695	539
2696	539
2697	539
2698	540
2699	540
2700	540
2701	540
2702	540
2703	541
2704	541
2705	541
2706	541
2707	541
2708	542
2709	542
2710	542
2711	542
2712	542
2713	543
2714	543
2715	543
2716	543
2717	543
2718	544
2719	544
2720	544
2721	544
2722	544
2723	545
2724	545
2725	545
2726	545
2727	545
2728	546
2729	546
2730	546
2731	546
2732	546
2733	547
2734	547
2735	547
2736	547
2737	547
2738	548
2739	548
2740	548
2741	548
2742	548
2743	549
2744	549
2745	549
2746	549
2747	549
2748	550
2749	550
2750	550
2751	550
2752	550
2753	551
2754	551
2755	551
2756	551
2757	551
2758	552
2759	552
2760	552
2761	552
2762	552
2763	553
2764	553
2765	553
2766	553
2767	553
2768	554
2769	554
2770	554
2771	554
2772	554
2773	555
2774	555
2775	555
2776	555
2777	555
2778	556
2779	556
2780	556
2781	556
2782	556
2783	557
2784	557
2785	557
2786	557
2787	557
2788	558
2789	558
2790	558
2791	558
2792	558
2793	559
2794	559
2795	559
2796	559
2797	559
2798	560
2799	560
2800	560
2801	560
2802	560
2803	561
2804	561
2805	561
2806	561
2807	561
2808	562
2809	562
2810	562
2811	562
2812	562
2813	563
2814	563
2815	563
2816	563
2817	563
2818	564
2819	564
2820	564
2821	564
2822	564
2823	565
2824	565
2825	565
2826	565
2827	565
2828	566
2829	566
2830	566
2831	566
2832	566
2833	567
2834	567
2835	567
2836	567
2837	567
2838	568
2839	568
2840	568
2841	568
2842	568
2843	569
2844	569
2845	569
2846	569
2847	569
2848	570
2849	570
2850	570
2851	570
2852	570
2853	571
2854	571
2855	571
2856	571
2857	571
2858	572
2859	572
2860	572
2861	572
2862	572
2863	573
2864	573
2865	573
2866	573
2867	573
2868	574
2869	574
2870	574
2871	574
2872	574
2873	575
2874	575
2875	575
2876	575
2877	575
2878	576
2879	576
2880	576
2881	576
2882	576
2883	577
2884	577
2885	577
2886	577
2887	577
2888	578
2889	578
2890	578
2891	578
2892	578
2893	579
2894	579
2895	579
2896	579
2897	579
2898	580
2899	580
2900	580
2901	580
2902	580
2903	581
2904	581
2905	581
2906	581
2907	581
2908	582
2909	582
2910	582
2911	582
2912	582
2913	583
2914	583
2915	583
2916	583
2917	583
2918	584
2919	584
2920	584
2921	584
2922	584
2923	585
2924	585
2925	585
2926	585
2927	585
2928	586
2929	586
2930	586
2931	586
2932	586
2933	587
2934	587
2935	587
2936	587
2937	587
2938	588
2939	588
2940	588
2941	588
2942	588
2943	589
2944	589
2945	589
2946	589
2947	589
2948	590
2949	590
2950	590
2951	590
2952	590
2953	591
2954	591
2955	591
2956	591
2957	591
2958	592
2959	592
2960	592
2961	592
2962	592
2963	593
2964	593
2965	593
2966	593
2967	593
2968	594
2969	594
2970	594
2971	594
2972	594
2973	595
2974	595
2975	595
2976	595
2977	595
2978	596
2979	596
2980	596
2981	596
2982	596
2983	597
2984	597
2985	597
2986	597
2987	597
2988	598
2989	598
2990	598
2991	598
2992	598
2993	599
2994	599
2995	599
2996	599
2997	599
2998	600
2999	600
3000	600
3001	600
3002	600
3003	601
3004	601
3005	601
3006	601
3007	601
3008	602
3009	602
3010	602
3011	602
3012	602
3013	603
3014	603
3015	603
3016	603
3017	603
3018	604
3019	604
3020	604
3021	604
3022	604
3023	605
3024	605
3025	605
3026	605
3027	605
3028	606
3029	606
3030	606
3031	606
3032	606
3033	607
3034	607
3035	607
3036	607
3037	607
3038	608
3039	608
3040	608
3041	608
3042	608
3043	609
3044	609
3045	609
3046	609
3047	609
3048	610
3049	610
3050	610
3051	610
3052	610
3053	611
3054	611
3055	611
3056	611
3057	611
3058	612
3059	612
3060	612
3061	612
3062	612
3063	613
3064	613
3065	613
3066	613
3067	613
3068	614
3069	614
3070	614
3071	614
3072	614
3073	615
3074	615
3075	615
3076	615
3077	615
3078	616
3079	616
3080	616
3081	616
3082	616
3083	617
3084	617
3085	617
3086	617
3087	617
3088	618
3089	618
3090	618
3091	618
3092	618
3093	619
3094	619
3095	619
3096	619
3097	619
3098	620
3099	620
3100	620
3101	620
3102	620
3103	621
3104	621
3105	621
3106	621
3107	621
3108	622
3109	622
3110	622
3111	622
3112	622
3113	623
3114	623
3115	623
3116	623
3117	623
3118	624
3119	624
3120	624
3121	624
3122	624
3123	625
3124	625
3125	625
3126	625
3127	625
3128	626
3129	626
3130	626
3131	626
3132	626
3133	627
3134	627
3135	627
3136	627
3137	627
3138	628
3139	628
3140	628
3141	628
3142	628
3143	629
3144	629
3145	629
3146	629
3147	629
3148	630
3149	630
3150	630
3151	630
3152	630
3153	631
3154	631
3155	631
3156	631
3157	631
3158	632
3159	632
3160	632
3161	632
3162	632
3163	633
3164	633
3165	633
3166	633
3167	633
3168	634
3169	634
3170	634
3171	634
3172	634
3173	635
3174	635
3175	635
3176	635
3177	635
3178	636
3179	636
3180	636
3181	636
3182	636
3183	637
3184	637
3185	637
3186	637
3187	637
3188	638
3189	638
3190	638
3191	638
3192	638
3193	639
3194	639
3195	639
3196	639
3197	639
3198	640
3199	640
3200	640
3201	640
3202	640
3203	641
3204	641
3205	641
3206	641
3207	641
3208	642
3209	642
3210	642
3211	642
3212	642
3213	643
3214	643
3215	643
3216	643
3217	643
3218	644
3219	644
3220	644
3221	644
3222	644
3223	645
3224	645
3225	645
3226	645
3227	645
3228	646
3229	646
3230	646
3231	646
3232	646
3233	647
3234	647
3235	647
3236	647
3237	647
3238	648
3239	648
3240	648
3241	648
3242	648
3243	649
3244	649
3245	649
3246	649
3247	649
3248	650
3249	650
3250	650
3251	650
3252	650
3253	651
3254	651
3255	651
3256	651
3257	651
3258	652
3259	652
3260	652
3261	652
3262	652
3263	653
3264	653
3265	653
3266	653
3267	653
3268	654
3269	654
3270	654
3271	654
3272	654
3273	655
3274	655
3275	655
3276	655
3277	655
3278	656
3279	656
3280	656
3281	656
3282	656
3283	657
3284	657
3285	657
3286	657
3287	657
3288	658
3289	658
3290	658
3291	658
3292	658
3293	659
3294	659
3295	659
3296	659
3297	659
3298	660
3299	660
3300	660
3301	660
3302	660
3303	661
3304	661
3305	661
3306	661
3307	661
3308	662
3309	662
3310	662
3311	662
3312	662
3313	663
3314	663
3315	663
3316	663
3317	663
3318	664
3319	664
3320	664
3321	664
3322	664
3323	665
3324	665
3325	665
3326	665
3327	665
3328	666
3329	666
3330	666
3331	666
3332	666
3333	667
3334	667
3335	667
3336	667
3337	667
3338	668
3339	668
3340	668
3341	668
3342	668
3343	669
3344	669
3345	669
3346	669
3347	669
3348	670
3349	670
3350	670
3351	670
3352	670
3353	671
3354	671
3355	671
3356	671
3357	671
3358	672
3359	672
3360	672
3361	672
3362	672
3363	673
3364	673
3365	673
3366	673
3367	673
3368	674
3369	674
3370	674
3371	674
3372	674
3373	675
3374	675
3375	675
3376	675
3377	675
3378	676
3379	676
3380	676
3381	676
3382	676
3383	677
3384	677
3385	677
3386	677
3387	677
3388	678
3389	678
3390	678
3391	678
3392	678
3393	679
3394	679
3395	679
3396	679
3397	679
3398	680
3399	680
3400	680
3401	680
3402	680
3403	681
3404	681
3405	681
3406	681
3407	681
3408	682
3409	682
3410	682
3411	682
3412	682
3413	683
3414	683
3415	683
3416	683
3417	683
3418	684
3419	684
3420	684
3421	684
3422	684
3423	685
3424	685
3425	685
3426	685
3427	685
3428	686
3429	686
3430	686
3431	686
3432	686
3433	687
3434	687
3435	687
3436	687
3437	687
3438	688
3439	688
3440	688
3441	688
3442	688
3443	689
3444	689
3445	689
3446	689
3447	689
3448	690
3449	690
3450	690
3451	690
3452	690
3453	691
3454	691
3455	691
3456	691
3457	691
3458	692
3459	692
3460	692
3461	692
3462	692
3463	693
3464	693
3465	693
3466	693
3467	693
3468	694
3469	694
3470	694
3471	694
3472	694
3473	695
3474	695
3475	695
3476	695
3477	695
3478	696
3479	696
3480	696
3481	696
3482	696
3483	697
3484	697
3485	697
3486	697
3487	697
3488	698
3489	698
3490	698
3491	698
3492	698
3493	699
3494	699
3495	699
3496	699
3497	699
3498	700
3499	700
3500	700
3501	700
3502	700
3503	701
3504	701
3505	701
3506	701
3507	701
3508	702
3509	702
3510	702
3511	702
3512	702
3513	703
3514	703
3515	703
3516	703
3517	703
3518	704
3519	704
3520	704
3521	704
3522	704
3523	705
3524	705
3525	705
3526	705
3527	705
3528	706
3529	706
3530	706
3531	706
3532	706
3533	707
3534	707
3535	707
3536	707
3537	707
3538	708
3539	708
3540	708
3541	708
3542	708
3543	709
3544	709
3545	709
3546	709
3547	709
3548	710
3549	710
3550	710
3551	710
3552	710
3553	711
3554	711
3555	711
3556	711
3557	711
3558	712
3559	712
3560	712
3561	712
3562	712
3563	713
3564	713
3565	713
3566	713
3567	713
3568	714
3569	714
3570	714
3571	714
3572	714
3573	715
3574	715
3575	715
3576	715
3577	715
3578	716
3579	716
3580	716
3581	716
3582	716
3583	717
3584	717
3585	717
3586	717
3587	717
3588	718
3589	718
3590	718
3591	718
3592	718
3593	719
3594	719
3595	719
3596	719
3597	719
3598	720
3599	720
3600	720
3601	720
3602	720
3603	721
3604	721
3605	721
3606	721
3607	721
3608	722
3609	722
3610	722
3611	722
3612	722
3613	723
3614	723
3615	723
3616	723
3617	723
3618	724
3619	724
3620	724
3621	724
3622	724
3623	725
3624	725
3625	725
3626	725
3627	725
3628	726
3629	726
3630	726
3631	726
3632	726
3633	727
3634	727
3635	727
3636	727
3637	727
3638	728
3639	728
3640	728
3641	728
3642	728
3643	729
3644	729
3645	729
3646	729
3647	729
3648	730
3649	730
3650	730
3651	730
3652	730
3653	731
3654	731
3655	731
3656	731
3657	731
3658	732
3659	732
3660	732
3661	732
3662	732
3663	733
3664	733
3665	733
3666	733
3667	733
3668	734
3669	734
3670	734
3671	734
3672	734
3673	735
3674	735
3675	735
3676	735
3677	735
3678	736
3679	736
3680	736
3681	736
3682	736
3683	737
3684	737
3685	737
3686	737
3687	737
3688	738
3689	738
3690	738
3691	738
3692	738
3693	739
3694	739
3695	739
3696	739
3697	739
3698	740
3699	740
3700	740
3701	740
3702	740
3703	741
3704	741
3705	741
3706	741
3707	741
3708	742
3709	742
3710	742
3711	742
3712	742
3713	743
3714	743
3715	743
3716	743
3717	743
3718	744
3719	744
3720	744
3721	744
3722	744
3723	745
3724	745
3725	745
3726	745
3727	745
3728	746
3729	746
3730	746
3731	746
3732	746
3733	747
3734	747
3735	747
3736	747
3737	747
3738	748
3739	748
3740	748
3741	748
3742	748
3743	749
3744	749
3745	749
3746	749
3747	749
3748	750
3749	750
3750	750
3751	750
3752	750
3753	751
3754	751
3755	751
3756	751
3757	751
3758	752
3759	752
3760	752
3761	752
3762	752
3763	753
3764	753
3765	753
3766	753
3767	753
3768	754
3769	754
3770	754
3771	754
3772	754
3773	755
3774	755
3775	755
3776	755
3777	755
3778	756
3779	756
3780	756
3781	756
3782	756
3783	757
3784	757
3785	757
3786	757
3787	757
3788	758
3789	758
3790	758
3791	758
3792	758
3793	759
3794	759
3795	759
3796	759
3797	759
3798	760
3799	760
3800	760
3801	760
3802	760
3803	761
3804	761
3805	761
3806	761
3807	761
3808	762
3809	762
3810	762
3811	762
3812	762
3813	763
3814	763
3815	763
3816	763
3817	763
3818	764
3819	764
3820	764
3821	764
3822	764
3823	765
3824	765
3825	765
3826	765
3827	765
3828	766
3829	766
3830	766
3831	766
3832	766
3833	767
3834	767
3835	767
3836	767
3837	767
3838	768
3839	768
3840	768
3841	768
3842	768
3843	769
3844	769
3845	769
3846	769
3847	769
3848	770
3849	770
3850	770
3851	770
3852	770
3853	771
3854	771
3855	771
3856	771
3857	771
3858	772
3859	772
3860	772
3861	772
3862	772
3863	773
3864	773
3865	773
3866	773
3867	773
3868	774
3869	774
3870	774
3871	774
3872	774
3873	775
3874	775
3875	775
3876	775
3877	775
3878	776
3879	776
3880	776
3881	776
3882	776
3883	777
3884	777
3885	777
3886	777
3887	777
3888	778
3889	778
3890	778
3891	778
3892	778
3893	779
3894	779
3895	779
3896	779
3897	779
3898	780
3899	780
3900	780
3901	780
3902	780
3903	781
3904	781
3905	781
3906	781
3907	781
3908	782
3909	782
3910	782
3911	782
3912	782
3913	783
3914	783
3915	783
3916	783
3917	783
3918	784
3919	784
3920	784
3921	784
3922	784
3923	785
3924	785
3925	785
3926	785
3927	785
3928	786
3929	786
3930	786
3931	786
3932	786
3933	787
3934	787
3935	787
3936	787
3937	787
3938	788
3939	788
3940	788
3941	788
3942	788
3943	789
3944	789
3945	789
3946	789
3947	789
3948	790
3949	790
3950	790
3951	790
3952	790
3953	791
3954	791
3955	791
3956	791
3957	791
3958	792
3959	792
3960	792
3961	792
3962	792
3963	793
3964	793
3965	793
3966	793
3967	793
3968	794
3969	794
3970	794
3971	794
3972	794
3973	795
3974	795
3975	795
3976	795
3977	795
3978	796
3979	796
3980	796
3981	796
3982	796
3983	797
3984	797
3985	797
3986	797
3987	797
3988	798
3989	798
3990	798
3991	798
3992	798
3993	799
3994	799
3995	799
3996	799
3997	799
3998	800
3999	800
4000	800
4001	800
4002	800
4003	801
4004	801
4005	801
4006	801
4007	801
4008	802
4009	802
4010	802
4011	802
4012	802
4013	803
4014	803
4015	803
4016	803
4017	803
4018	804
4019	804
4020	804
4021	804
4022	804
4023	805
4024	805
4025	805
4026	805
4027	805
4028	806
4029	806
4030	806
4031	806
4032	806
4033	807
4034	807
4035	807
4036	807
4037	807
4038	808
4039	808
4040	808
4041	808
4042	808
4043	809
4044	809
4045	809
4046	809
4047	809
4048	810
4049	810
4050	810
4051	810
4052	810
4053	811
4054	811
4055	811
4056	811
4057	811
4058	812
4059	812
4060	812
4061	812
4062	812
4063	813
4064	813
4065	813
4066	813
4067	813
4068	814
4069	814
4070	814
4071	814
4072	814
4073	815
4074	815
4075	815
4076	815
4077	815
4078	816
4079	816
4080	816
4081	816
4082	816
4083	817
4084	817
4085	817
4086	817
4087	817
4088	818
4089	818
4090	818
4091	818
4092	818
4093	819
4094	819
4095	819
4096	819
4097	819
4098	820
4099	820
4100	820
4101	820
4102	820
4103	821
4104	821
4105	821
4106	821
4107	821
4108	822
4109	822
4110	822
4111	822
4112	822
4113	823
4114	823
4115	823
4116	823
4117	823
4118	824
4119	824
4120	824
4121	824
4122	824
4123	825
4124	825
4125	825
4126	825
4127	825
4128	826
4129	826
4130	826
4131	826
4132	826
4133	827
4134	827
4135	827
4136	827
4137	827
4138	828
4139	828
4140	828
4141	828
4142	828
4143	829
4144	829
4145	829
4146	829
4147	829
4148	830
4149	830
4150	830
4151	830
4152	830
4153	831
4154	831
4155	831
4156	831
4157	831
4158	832
4159	832
4160	832
4161	832
4162	832
4163	833
4164	833
4165	833
4166	833
4167	833
4168	834
4169	834
4170	834
4171	834
4172	834
4173	835
4174	835
4175	835
4176	835
4177	835
4178	836
4179	836
4180	836
4181	836
4182	836
4183	837
4184	837
4185	837
4186	837
4187	837
4188	838
4189	838
4190	838
4191	838
4192	838
4193	839
4194	839
4195	839
4196	839
4197	839
4198	840
4199	840
4200	840
4201	840
4202	840
4203	841
4204	841
4205	841
4206	841
4207	841
4208	842
4209	842
4210	842
4211	842
4212	842
4213	843
4214	843
4215	843
4216	843
4217	843
4218	844
4219	844
4220	844
4221	844
4222	844
4223	845
4224	845
4225	845
4226	845
4227	845
4228	846
4229	846
4230	846
4231	846
4232	846
4233	847
4234	847
4235	847
4236	847
4237	847
4238	848
4239	848
4240	848
4241	848
4242	848
4243	849
4244	849
4245	849
4246	849
4247	849
4248	850
4249	850
4250	850
4251	850
4252	850
4253	851
4254	851
4255	851
4256	851
4257	851
4258	852
4259	852
4260	852
4261	852
4262	852
4263	853
4264	853
4265	853
4266	853
4267	853
4268	854
4269	854
4270	854
4271	854
4272	854
4273	855
4274	855
4275	855
4276	855
4277	855
4278	856
4279	856
4280	856
4281	856
4282	856
4283	857
4284	857
4285	857
4286	857
4287	857
4288	858
4289	858
4290	858
4291	858
4292	858
4293	859
4294	859
4295	859
4296	859
4297	859
4298	860
4299	860
4300	860
4301	860
4302	860
4303	861
4304	861
4305	861
4306	861
4307	861
4308	862
4309	862
4310	862
4311	862
4312	862
4313	863
4314	863
4315	863
4316	863
4317	863
4318	864
4319	864
4320	864
4321	864
4322	864
4323	865
4324	865
4325	865
4326	865
4327	865
4328	866
4329	866
4330	866
4331	866
4332	866
4333	867
4334	867
4335	867
4336	867
4337	867
4338	868
4339	868
4340	868
4341	868
4342	868
4343	869
4344	869
4345	869
4346	869
4347	869
4348	870
4349	870
4350	870
4351	870
4352	870
4353	871
4354	871
4355	871
4356	871
4357	871
4358	872
4359	872
4360	872
4361	872
4362	872
4363	873
4364	873
4365	873
4366	873
4367	873
4368	874
4369	874
4370	874
4371	874
4372	874
4373	875
4374	875
4375	875
4376	875
4377	875
4378	876
4379	876
4380	876
4381	876
4382	876
4383	877
4384	877
4385	877
4386	877
4387	877
4388	878
4389	878
4390	878
4391	878
4392	878
4393	879
4394	879
4395	879
4396	879
4397	879
4398	880
4399	880
4400	880
4401	880
4402	880
4403	881
4404	881
4405	881
4406	881
4407	881
4408	882
4409	882
4410	882
4411	882
4412	882
4413	883
4414	883
4415	883
4416	883
4417	883
4418	884
4419	884
4420	884
4421	884
4422	884
4423	885
4424	885
4425	885
4426	885
4427	885
4428	886
4429	886
4430	886
4431	886
4432	886
4433	887
4434	887
4435	887
4436	887
4437	887
4438	888
4439	888
4440	888
4441	888
4442	888
4443	889
4444	889
4445	889
4446	889
4447	889
4448	890
4449	890
4450	890
4451	890
4452	890
4453	891
4454	891
4455	891
4456	891
4457	891
4458	892
4459	892
4460	892
4461	892
4462	892
4463	893
4464	893
4465	893
4466	893
4467	893
4468	894
4469	894
4470	894
4471	894
4472	894
4473	895
4474	895
4475	895
4476	895
4477	895
4478	896
4479	896
4480	896
4481	896
4482	896
4483	897
4484	897
4485	897
4486	897
4487	897
4488	898
4489	898
4490	898
4491	898
4492	898
4493	899
4494	899
4495	899
4496	899
4497	899
4498	900
4499	900
4500	900
4501	900
4502	900
4503	901
4504	901
4505	901
4506	901
4507	901
4508	902
4509	902
4510	902
4511	902
4512	902
4513	903
4514	903
4515	903
4516	903
4517	903
4518	904
4519	904
4520	904
4521	904
4522	904
4523	905
4524	905
4525	905
4526	905
4527	905
4528	906
4529	906
4530	906
4531	906
4532	906
4533	907
4534	907
4535	907
4536	907
4537	907
4538	908
4539	908
4540	908
4541	908
4542	908
4543	909
4544	909
4545	909
4546	909
4547	909
4548	910
4549	910
4550	910
4551	910
4552	910
4553	911
4554	911
4555	911
4556	911
4557	911
4558	912
4559	912
4560	912
4561	912
4562	912
4563	913
4564	913
4565	913
4566	913
4567	913
4568	914
4569	914
4570	914
4571	914
4572	914
4573	915
4574	915
4575	915
4576	915
4577	915
4578	916
4579	916
4580	916
4581	916
4582	916
4583	917
4584	917
4585	917
4586	917
4587	917
4588	918
4589	918
4590	918
4591	918
4592	918
4593	919
4594	919
4595	919
4596	919
4597	919
4598	920
4599	920
4600	920
4601	920
4602	920
4603	921
4604	921
4605	921
4606	921
4607	921
4608	922
4609	922
4610	922
4611	922
4612	922
4613	923
4614	923
4615	923
4616	923
4617	923
4618	924
4619	924
4620	924
4621	924
4622	924
4623	925
4624	925
4625	925
4626	925
4627	925
4628	926
4629	926
4630	926
4631	926
4632	926
4633	927
4634	927
4635	927
4636	927
4637	927
4638	928
4639	928
4640	928
4641	928
4642	928
4643	929
4644	929
4645	929
4646	929
4647	929
4648	930
4649	930
4650	930
4651	930
4652	930
4653	931
4654	931
4655	931
4656	931
4657	931
4658	932
4659	932
4660	932
4661	932
4662	932
4663	933
4664	933
4665	933
4666	933
4667	933
4668	934
4669	934
4670	934
4671	934
4672	934
4673	935
4674	935
4675	935
4676	935
4677	935
4678	936
4679	936
4680	936
4681	936
4682	936
4683	937
4684	937
4685	937
4686	937
4687	937
4688	938
4689	938
4690	938
4691	938
4692	938
4693	939
4694	939
4695	939
4696	939
4697	939
4698	940
4699	940
4700	940
4701	940
4702	940
4703	941
4704	941
4705	941
4706	941
4707	941
4708	942
4709	942
4710	942
4711	942
4712	942
4713	943
4714	943
4715	943
4716	943
4717	943
4718	944
4719	944
4720	944
4721	944
4722	944
4723	945
4724	945
4725	945
4726	945
4727	945
4728	946
4729	946
4730	946
4731	946
4732	946
4733	947
4734	947
4735	947
4736	947
4737	947
4738	948
4739	948
4740	948
4741	948
4742	948
4743	949
4744	949
4745	949
4746	949
4747	949
4748	950
4749	950
4750	950
4751	950
4752	950
4753	951
4754	951
4755	951
4756	951
4757	951
4758	952
4759	952
4760	952
4761	952
4762	952
4763	953
4764	953
4765	953
4766	953
4767	953
4768	954
4769	954
4770	954
4771	954
4772	954
4773	955
4774	955
4775	955
4776	955
4777	955
4778	956
4779	956
4780	956
4781	956
4782	956
4783	957
4784	957
4785	957
4786	957
4787	957
4788	958
4789	958
4790	958
4791	958
4792	958
4793	959
4794	959
4795	959
4796	959
4797	959
4798	960
4799	960
4800	960
4801	960
4802	960
4803	961
4804	961
4805	961
4806	961
4807	961
4808	962
4809	962
4810	962
4811	962
4812	962
4813	963
4814	963
4815	963
4816	963
4817	963
4818	964
4819	964
4820	964
4821	964
4822	964
4823	965
4824	965
4825	965
4826	965
4827	965
4828	966
4829	966
4830	966
4831	966
4832	966
4833	967
4834	967
4835	967
4836	967
4837	967
4838	968
4839	968
4840	968
4841	968
4842	968
4843	969
4844	969
4845	969
4846	969
4847	969
4848	970
4849	970
4850	970
4851	970
4852	970
4853	971
4854	971
4855	971
4856	971
4857	971
4858	972
4859	972
4860	972
4861	972
4862	972
4863	973
4864	973
4865	973
4866	973
4867	973
4868	974
4869	974
4870	974
4871	974
4872	974
4873	975
4874	975
4875	975
4876	975
4877	975
4878	976
4879	976
4880	976
4881	976
4882	976
4883	977
4884	977
4885	977
4886	977
4887	977
4888	978
4889	978
4890	978
4891	978
4892	978
4893	979
4894	979
4895	979
4896	979
4897	979
4898	980
4899	980
4900	980
4901	980
4902	980
4903	981
4904	981
4905	981
4906	981
4907	981
4908	982
4909	982
4910	982
4911	982
4912	982
4913	983
4914	983
4915	983
4916	983
4917	983
4918	984
4919	984
4920	984
4921	984
4922	984
4923	985
4924	985
4925	985
4926	985
4927	985
4928	986
4929	986
4930	986
4931	986
4932	986
4933	987
4934	987
4935	987
4936	987
4937	987
4938	988
4939	988
4940	988
4941	988
4942	988
4943	989
4944	989
4945	989
4946	989
4947	989
4948	990
4949	990
4950	990
4951	990
4952	990
4953	991
4954	991
4955	991
4956	991
4957	991
4958	992
4959	992
4960	992
4961	992
4962	992
4963	993
4964	993
4965	993
4966	993
4967	993
4968	994
4969	994
4970	994
4971	994
4972	994
4973	995
4974	995
4975	995
4976	995
4977	995
4978	996
4979	996
4980	996
4981	996
4982	996
4983	997
4984	997
4985	997
4986	997
4987	997
4988	998
4989	998
4990	998
4991	998
4992	998
4993	999
4994	999
4995	999
4996	999
4997	999
4998	1000
4999	1000
5000	1000
5001	1000
5002	1000
5003	1001
5004	1001
5005	1001
5006	1001
5007	1001
5008	1002
5009	1002
5010	1002
5011	1002
5012	1002
5013	1003
5014	1003
5015	1003
5016	1003
5017	1003
5018	1004
5019	1004
5020	1004
5021	1004
5022	1004
5023	1005
5024	1005
5025	1005
5026	1005
5027	1005
5028	1006
5029	1006
5030	1006
5031	1006
5032	1006
5033	1007
5034	1007
5035	1007
5036	1007
5037	1007
5038	1008
5039	1008
5040	1008
5041	1008
5042	1008
5043	1009
5044	1009
5045	1009
5046	1009
5047	1009
5048	1010
5049	1010
5050	1010
5051	1010
5052	1010
5053	1011
5054	1011
5055	1011
5056	1011
5057	1011
5058	1012
5059	1012
5060	1012
5061	1012
5062	1012
5063	1013
5064	1013
5065	1013
5066	1013
5067	1013
5068	1014
5069	1014
5070	1014
5071	1014
5072	1014
5073	1015
5074	1015
5075	1015
5076	1015
5077	1015
5078	1016
5079	1016
5080	1016
5081	1016
5082	1016
5083	1017
5084	1017
5085	1017
5086	1017
5087	1017
5088	1018
5089	1018
5090	1018
5091	1018
5092	1018
5093	1019
5094	1019
5095	1019
5096	1019
5097	1019
5098	1020
5099	1020
5100	1020
5101	1020
5102	1020
5103	1021
5104	1021
5105	1021
5106	1021
5107	1021
5108	1022
5109	1022
5110	1022
5111	1022
5112	1022
5113	1023
5114	1023
5115	1023
5116	1023
5117	1023
5118	1024
5119	1024
5120	1024
5121	1024
5122	1024
5123	1025
5124	1025
5125	1025
5126	1025
5127	1025
5128	1026
5129	1026
5130	1026
5131	1026
5132	1026
5133	1027
5134	1027
5135	1027
5136	1027
5137	1027
5138	1028
5139	1028
5140	1028
5141	1028
5142	1028
5143	1029
5144	1029
5145	1029
5146	1029
5147	1029
5148	1030
5149	1030
5150	1030
5151	1030
5152	1030
5153	1031
5154	1031
5155	1031
5156	1031
5157	1031
5158	1032
5159	1032
5160	1032
5161	1032
5162	1032
5163	1033
5164	1033
5165	1033
5166	1033
5167	1033
5168	1034
5169	1034
5170	1034
5171	1034
5172	1034
5173	1035
5174	1035
5175	1035
5176	1035
5177	1035
5178	1036
5179	1036
5180	1036
5181	1036
5182	1036
5183	1037
5184	1037
5185	1037
5186	1037
5187	1037
5188	1038
5189	1038
5190	1038
5191	1038
5192	1038
5193	1039
5194	1039
5195	1039
5196	1039
5197	1039
5198	1040
5199	1040
5200	1040
5201	1040
5202	1040
5203	1041
5204	1041
5205	1041
5206	1041
5207	1041
5208	1042
5209	1042
5210	1042
5211	1042
5212	1042
5213	1043
5214	1043
5215	1043
5216	1043
5217	1043
5218	1044
5219	1044
5220	1044
5221	1044
5222	1044
5223	1045
5224	1045
5225	1045
5226	1045
5227	1045
5228	1046
5229	1046
5230	1046
5231	1046
5232	1046
5233	1047
5234	1047
5235	1047
5236	1047
5237	1047
5238	1048
5239	1048
5240	1048
5241	1048
5242	1048
5243	1049
5244	1049
5245	1049
5246	1049
5247	1049
5248	1050
5249	1050
5250	1050
5251	1050
5252	1050
5253	1051
5254	1051
5255	1051
5256	1051
5257	1051
5258	1052
5259	1052
5260	1052
5261	1052
5262	1052
5263	1053
5264	1053
5265	1053
5266	1053
5267	1053
5268	1054
5269	1054
5270	1054
5271	1054
5272	1054
5273	1055
5274	1055
5275	1055
5276	1055
5277	1055
5278	1056
5279	1056
5280	1056
5281	1056
5282	1056
5283	1057
5284	1057
5285	1057
5286	1057
5287	1057
5288	1058
5289	1058
5290	1058
5291	1058
5292	1058
5293	1059
5294	1059
5295	1059
5296	1059
5297	1059
5298	1060
5299	1060
5300	1060
5301	1060
5302	1060
5303	1061
5304	1061
5305	1061
5306	1061
5307	1061
5308	1062
5309	1062
5310	1062
5311	1062
5312	1062
5313	1063
5314	1063
5315	1063
5316	1063
5317	1063
5318	1064
5319	1064
5320	1064
5321	1064
5322	1064
5323	1065
5324	1065
5325	1065
5326	1065
5327	1065
5328	1066
5329	1066
5330	1066
5331	1066
5332	1066
5333	1067
5334	1067
5335	1067
5336	1067
5337	1067
5338	1068
5339	1068
5340	1068
5341	1068
5342	1068
5343	1069
5344	1069
5345	1069
5346	1069
5347	1069
5348	1070
5349	1070
5350	1070
5351	1070
5352	1070
5353	1071
5354	1071
5355	1071
5356	1071
5357	1071
5358	1072
5359	1072
5360	1072
5361	1072
5362	1072
5363	1073
5364	1073
5365	1073
5366	1073
5367	1073
5368	1074
5369	1074
5370	1074
5371	1074
5372	1074
5373	1075
5374	1075
5375	1075
5376	1075
5377	1075
5378	1076
5379	1076
5380	1076
5381	1076
5382	1076
5383	1077
5384	1077
5385	1077
5386	1077
5387	1077
5388	1078
5389	1078
5390	1078
5391	1078
5392	1078
5393	1079
5394	1079
5395	1079
5396	1079
5397	1079
5398	1080
5399	1080
5400	1080
5401	1080
5402	1080
5403	1081
5404	1081
5405	1081
5406	1081
5407	1081
5408	1082
5409	1082
5410	1082
5411	1082
5412	1082
5413	1083
5414	1083
5415	1083
5416	1083
5417	1083
5418	1084
5419	1084
5420	1084
5421	1084
5422	1084
5423	1085
5424	1085
5425	1085
5426	1085
5427	1085
5428	1086
5429	1086
5430	1086
5431	1086
5432	1086
5433	1087
5434	1087
5435	1087
5436	1087
5437	1087
5438	1088
5439	1088
5440	1088
5441	1088
5442	1088
5443	1089
5444	1089
5445	1089
5446	1089
5447	1089
5448	1090
5449	1090
5450	1090
5451	1090
5452	1090
5453	1091
5454	1091
5455	1091
5456	1091
5457	1091
5458	1092
5459	1092
5460	1092
5461	1092
5462	1092
5463	1093
5464	1093
5465	1093
5466	1093
5467	1093
5468	1094
5469	1094
5470	1094
5471	1094
5472	1094
5473	1095
5474	1095
5475	1095
5476	1095
5477	1095
5478	1096
5479	1096
5480	1096
5481	1096
5482	1096
5483	1097
5484	1097
5485	1097
5486	1097
5487	1097
5488	1098
5489	1098
5490	1098
5491	1098
5492	1098
5493	1099
5494	1099
5495	1099
5496	1099
5497	1099
5498	1100
5499	1100
5500	1100
5501	1100
5502	1100
5503	1101
5504	1101
5505	1101
5506	1101
5507	1101
5508	1102
5509	1102
5510	1102
5511	1102
5512	1102
5513	1103
5514	1103
5515	1103
5516	1103
5517	1103
5518	1104
5519	1104
5520	1104
5521	1104
5522	1104
5523	1105
5524	1105
5525	1105
5526	1105
5527	1105
5528	1106
5529	1106
5530	1106
5531	1106
5532	1106
5533	1107
5534	1107
5535	1107
5536	1107
5537	1107
5538	1108
5539	1108
5540	1108
5541	1108
5542	1108
5543	1109
5544	1109
5545	1109
5546	1109
5547	1109
5548	1110
5549	1110
5550	1110
5551	1110
5552	1110
5553	1111
5554	1111
5555	1111
5556	1111
5557	1111
5558	1112
5559	1112
5560	1112
5561	1112
5562	1112
5563	1113
5564	1113
5565	1113
5566	1113
5567	1113
5568	1114
5569	1114
5570	1114
5571	1114
5572	1114
5573	1115
5574	1115
5575	1115
5576	1115
5577	1115
5578	1116
5579	1116
5580	1116
5581	1116
5582	1116
5583	1117
5584	1117
5585	1117
5586	1117
5587	1117
5588	1118
5589	1118
5590	1118
5591	1118
5592	1118
5593	1119
5594	1119
5595	1119
5596	1119
5597	1119
5598	1120
5599	1120
5600	1120
5601	1120
5602	1120
5603	1121
5604	1121
5605	1121
5606	1121
5607	1121
5608	1122
5609	1122
5610	1122
5611	1122
5612	1122
5613	1123
5614	1123
5615	1123
5616	1123
5617	1123
5618	1124
5619	1124
5620	1124
5621	1124
5622	1124
5623	1125
5624	1125
5625	1125
5626	1125
5627	1125
5628	1126
5629	1126
5630	1126
5631	1126
5632	1126
5633	1127
5634	1127
5635	1127
5636	1127
5637	1127
5638	1128
5639	1128
5640	1128
5641	1128
5642	1128
5643	1129
5644	1129
5645	1129
5646	1129
5647	1129
5648	1130
5649	1130
5650	1130
5651	1130
5652	1130
5653	1131
5654	1131
5655	1131
5656	1131
5657	1131
5658	1132
5659	1132
5660	1132
5661	1132
5662	1132
5663	1133
5664	1133
5665	1133
5666	1133
5667	1133
5668	1134
5669	1134
5670	1134
5671	1134
5672	1134
5673	1135
5674	1135
5675	1135
5676	1135
5677	1135
5678	1136
5679	1136
5680	1136
5681	1136
5682	1136
5683	1137
5684	1137
5685	1137
5686	1137
5687	1137
5688	1138
5689	1138
5690	1138
5691	1138
5692	1138
5693	1139
5694	1139
5695	1139
5696	1139
5697	1139
5698	1140
5699	1140
5700	1140
5701	1140
5702	1140
5703	1141
5704	1141
5705	1141
5706	1141
5707	1141
5708	1142
5709	1142
5710	1142
5711	1142
5712	1142
5713	1143
5714	1143
5715	1143
5716	1143
5717	1143
5718	1144
5719	1144
5720	1144
5721	1144
5722	1144
5723	1145
5724	1145
5725	1145
5726	1145
5727	1145
5728	1146
5729	1146
5730	1146
5731	1146
5732	1146
5733	1147
5734	1147
5735	1147
5736	1147
5737	1147
5738	1148
5739	1148
5740	1148
5741	1148
5742	1148
5743	1149
5744	1149
5745	1149
5746	1149
5747	1149
5748	1150
5749	1150
5750	1150
5751	1150
5752	1150
5753	1151
5754	1151
5755	1151
5756	1151
5757	1151
5758	1152
5759	1152
5760	1152
5761	1152
5762	1152
5763	1153
5764	1153
5765	1153
5766	1153
5767	1153
5768	1154
5769	1154
5770	1154
5771	1154
5772	1154
5773	1155
5774	1155
5775	1155
5776	1155
5777	1155
5778	1156
5779	1156
5780	1156
5781	1156
5782	1156
5783	1157
5784	1157
5785	1157
5786	1157
5787	1157
5788	1158
5789	1158
5790	1158
5791	1158
5792	1158
5793	1159
5794	1159
5795	1159
5796	1159
5797	1159
5798	1160
5799	1160
5800	1160
5801	1160
5802	1160
5803	1161
5804	1161
5805	1161
5806	1161
5807	1161
5808	1162
5809	1162
5810	1162
5811	1162
5812	1162
5813	1163
5814	1163
5815	1163
5816	1163
5817	1163
5818	1164
5819	1164
5820	1164
5821	1164
5822	1164
5823	1165
5824	1165
5825	1165
5826	1165
5827	1165
5828	1166
5829	1166
5830	1166
5831	1166
5832	1166
5833	1167
5834	1167
5835	1167
5836	1167
5837	1167
5838	1168
5839	1168
5840	1168
5841	1168
5842	1168
5843	1169
5844	1169
5845	1169
5846	1169
5847	1169
5848	1170
5849	1170
5850	1170
5851	1170
5852	1170
5853	1171
5854	1171
5855	1171
5856	1171
5857	1171
5858	1172
5859	1172
5860	1172
5861	1172
5862	1172
5863	1173
5864	1173
5865	1173
5866	1173
5867	1173
5868	1174
5869	1174
5870	1174
5871	1174
5872	1174
5873	1175
5874	1175
5875	1175
5876	1175
5877	1175
5878	1176
5879	1176
5880	1176
5881	1176
5882	1176
5883	1177
5884	1177
5885	1177
5886	1177
5887	1177
5888	1178
5889	1178
5890	1178
5891	1178
5892	1178
5893	1179
5894	1179
5895	1179
5896	1179
5897	1179
5898	1180
5899	1180
5900	1180
5901	1180
5902	1180
5903	1181
5904	1181
5905	1181
5906	1181
5907	1181
5908	1182
5909	1182
5910	1182
5911	1182
5912	1182
5913	1183
5914	1183
5915	1183
5916	1183
5917	1183
5918	1184
5919	1184
5920	1184
5921	1184
5922	1184
5923	1185
5924	1185
5925	1185
5926	1185
5927	1185
5928	1186
5929	1186
5930	1186
5931	1186
5932	1186
5933	1187
5934	1187
5935	1187
5936	1187
5937	1187
5938	1188
5939	1188
5940	1188
5941	1188
5942	1188
5943	1189
5944	1189
5945	1189
5946	1189
5947	1189
5948	1190
5949	1190
5950	1190
5951	1190
5952	1190
5953	1191
5954	1191
5955	1191
5956	1191
5957	1191
5958	1192
5959	1192
5960	1192
5961	1192
5962	1192
5963	1193
5964	1193
5965	1193
5966	1193
5967	1193
5968	1194
5969	1194
5970	1194
5971	1194
5972	1194
5973	1195
5974	1195
5975	1195
5976	1195
5977	1195
5978	1196
5979	1196
5980	1196
5981	1196
5982	1196
5983	1197
5984	1197
5985	1197
5986	1197
5987	1197
5988	1198
5989	1198
5990	1198
5991	1198
5992	1198
5993	1199
5994	1199
5995	1199
5996	1199
5997	1199
5998	1200
5999	1200
6000	1200
6001	1200
6002	1200
6003	1201
6004	1201
6005	1201
6006	1201
6007	1201
6008	1202
6009	1202
6010	1202
6011	1202
6012	1202
6013	1203
6014	1203
6015	1203
6016	1203
6017	1203
6018	1204
6019	1204
6020	1204
6021	1204
6022	1204
6023	1205
6024	1205
6025	1205
6026	1205
6027	1205
6028	1206
6029	1206
6030	1206
6031	1206
6032	1206
6033	1207
6034	1207
6035	1207
6036	1207
6037	1207
6038	1208
6039	1208
6040	1208
6041	1208
6042	1208
6043	1209
6044	1209
6045	1209
6046	1209
6047	1209
6048	1210
6049	1210
6050	1210
6051	1210
6052	1210
6053	1211
6054	1211
6055	1211
6056	1211
6057	1211
6058	1212
6059	1212
6060	1212
6061	1212
6062	1212
6063	1213
6064	1213
6065	1213
6066	1213
6067	1213
6068	1214
6069	1214
6070	1214
6071	1214
6072	1214
6073	1215
6074	1215
6075	1215
6076	1215
6077	1215
6078	1216
6079	1216
6080	1216
6081	1216
6082	1216
6083	1217
6084	1217
6085	1217
6086	1217
6087	1217
6088	1218
6089	1218
6090	1218
6091	1218
6092	1218
6093	1219
6094	1219
6095	1219
6096	1219
6097	1219
6098	1220
6099	1220
6100	1220
6101	1220
6102	1220
6103	1221
6104	1221
6105	1221
6106	1221
6107	1221
6108	1222
6109	1222
6110	1222
6111	1222
6112	1222
6113	1223
6114	1223
6115	1223
6116	1223
6117	1223
6118	1224
6119	1224
6120	1224
6121	1224
6122	1224
6123	1225
6124	1225
6125	1225
6126	1225
6127	1225
6128	1226
6129	1226
6130	1226
6131	1226
6132	1226
6133	1227
6134	1227
6135	1227
6136	1227
6137	1227
6138	1228
6139	1228
6140	1228
6141	1228
6142	1228
6143	1229
6144	1229
6145	1229
6146	1229
6147	1229
6148	1230
6149	1230
6150	1230
6151	1230
6152	1230
6153	1231
6154	1231
6155	1231
6156	1231
6157	1231
6158	1232
6159	1232
6160	1232
6161	1232
6162	1232
6163	1233
6164	1233
6165	1233
6166	1233
6167	1233
6168	1234
6169	1234
6170	1234
6171	1234
6172	1234
6173	1235
6174	1235
6175	1235
6176	1235
6177	1235
6178	1236
6179	1236
6180	1236
6181	1236
6182	1236
6183	1237
6184	1237
6185	1237
6186	1237
6187	1237
6188	1238
6189	1238
6190	1238
6191	1238
6192	1238
6193	1239
6194	1239
6195	1239
6196	1239
6197	1239
6198	1240
6199	1240
6200	1240
6201	1240
6202	1240
6203	1241
6204	1241
6205	1241
6206	1241
6207	1241
6208	1242
6209	1242
6210	1242
6211	1242
6212	1242
6213	1243
6214	1243
6215	1243
6216	1243
6217	1243
6218	1244
6219	1244
6220	1244
6221	1244
6222	1244
6223	1245
6224	1245
6225	1245
6226	1245
6227	1245
6228	1246
6229	1246
6230	1246
6231	1246
6232	1246
6233	1247
6234	1247
6235	1247
6236	1247
6237	1247
6238	1248
6239	1248
6240	1248
6241	1248
6242	1248
6243	1249
6244	1249
6245	1249
6246	1249
6247	1249
6248	1250
6249	1250
6250	1250
6251	1250
6252	1250
6253	1251
6254	1251
6255	1251
6256	1251
6257	1251
6258	1252
6259	1252
6260	1252
6261	1252
6262	1252
6263	1253
6264	1253
6265	1253
6266	1253
6267	1253
6268	1254
6269	1254
6270	1254
6271	1254
6272	1254
6273	1255
6274	1255
6275	1255
6276	1255
6277	1255
6278	1256
6279	1256
6280	1256
6281	1256
6282	1256
6283	1257
6284	1257
6285	1257
6286	1257
6287	1257
6288	1258
6289	1258
6290	1258
6291	1258
6292	1258
6293	1259
6294	1259
6295	1259
6296	1259
6297	1259
6298	1260
6299	1260
6300	1260
6301	1260
6302	1260
6303	1261
6304	1261
6305	1261
6306	1261
6307	1261
6308	1262
6309	1262
6310	1262
6311	1262
6312	1262
6313	1263
6314	1263
6315	1263
6316	1263
6317	1263
6318	1264
6319	1264
6320	1264
6321	1264
6322	1264
6323	1265
6324	1265
6325	1265
6326	1265
6327	1265
6328	1266
6329	1266
6330	1266
6331	1266
6332	1266
6333	1267
6334	1267
6335	1267
6336	1267
6337	1267
6338	1268
6339	1268
6340	1268
6341	1268
6342	1268
6343	1269
6344	1269
6345	1269
6346	1269
6347	1269
6348	1270
6349	1270
6350	1270
6351	1270
6352	1270
6353	1271
6354	1271
6355	1271
6356	1271
6357	1271
6358	1272
6359	1272
6360	1272
6361	1272
6362	1272
6363	1273
6364	1273
6365	1273
6366	1273
6367	1273
6368	1274
6369	1274
6370	1274
6371	1274
6372	1274
6373	1275
6374	1275
6375	1275
6376	1275
6377	1275
6378	1276
6379	1276
6380	1276
6381	1276
6382	1276
6383	1277
6384	1277
6385	1277
6386	1277
6387	1277
6388	1278
6389	1278
6390	1278
6391	1278
6392	1278
6393	1279
6394	1279
6395	1279
6396	1279
6397	1279
6398	1280
6399	1280
6400	1280
6401	1280
6402	1280
6403	1281
6404	1281
6405	1281
6406	1281
6407	1281
6408	1282
6409	1282
6410	1282
6411	1282
6412	1282
6413	1283
6414	1283
6415	1283
6416	1283
6417	1283
6418	1284
6419	1284
6420	1284
6421	1284
6422	1284
6423	1285
6424	1285
6425	1285
6426	1285
6427	1285
6428	1286
6429	1286
6430	1286
6431	1286
6432	1286
6433	1287
6434	1287
6435	1287
6436	1287
6437	1287
6438	1288
6439	1288
6440	1288
6441	1288
6442	1288
6443	1289
6444	1289
6445	1289
6446	1289
6447	1289
6448	1290
6449	1290
6450	1290
6451	1290
6452	1290
6453	1291
6454	1291
6455	1291
6456	1291
6457	1291
6458	1292
6459	1292
6460	1292
6461	1292
6462	1292
6463	1293
6464	1293
6465	1293
6466	1293
6467	1293
6468	1294
6469	1294
6470	1294
6471	1294
6472	1294
6473	1295
6474	1295
6475	1295
6476	1295
6477	1295
6478	1296
6479	1296
6480	1296
6481	1296
6482	1296
6483	1297
6484	1297
6485	1297
6486	1297
6487	1297
6488	1298
6489	1298
6490	1298
6491	1298
6492	1298
6493	1299
6494	1299
6495	1299
6496	1299
6497	1299
6498	1300
6499	1300
6500	1300
6501	1300
6502	1300
6503	1301
6504	1301
6505	1301
6506	1301
6507	1301
6508	1302
6509	1302
6510	1302
6511	1302
6512	1302
6513	1303
6514	1303
6515	1303
6516	1303
6517	1303
6518	1304
6519	1304
6520	1304
6521	1304
6522	1304
6523	1305
6524	1305
6525	1305
6526	1305
6527	1305
6528	1306
6529	1306
6530	1306
6531	1306
6532	1306
6533	1307
6534	1307
6535	1307
6536	1307
6537	1307
6538	1308
6539	1308
6540	1308
6541	1308
6542	1308
6543	1309
6544	1309
6545	1309
6546	1309
6547	1309
6548	1310
6549	1310
6550	1310
6551	1310
6552	1310
6553	1311
6554	1311
6555	1311
6556	1311
6557	1311
6558	1312
6559	1312
6560	1312
6561	1312
6562	1312
6563	1313
6564	1313
6565	1313
6566	1313
6567	1313
6568	1314
6569	1314
6570	1314
6571	1314
6572	1314
6573	1315
6574	1315
6575	1315
6576	1315
6577	1315
6578	1316
6579	1316
6580	1316
6581	1316
6582	1316
6583	1317
6584	1317
6585	1317
6586	1317
6587	1317
6588	1318
6589	1318
6590	1318
6591	1318
6592	1318
6593	1319
6594	1319
6595	1319
6596	1319
6597	1319
6598	1320
6599	1320
6600	1320
6601	1320
6602	1320
6603	1321
6604	1321
6605	1321
6606	1321
6607	1321
6608	1322
6609	1322
6610	1322
6611	1322
6612	1322
6613	1323
6614	1323
6615	1323
6616	1323
6617	1323
6618	1324
6619	1324
6620	1324
6621	1324
6622	1324
6623	1325
6624	1325
6625	1325
6626	1325
6627	1325
6628	1326
6629	1326
6630	1326
6631	1326
6632	1326
6633	1327
6634	1327
6635	1327
6636	1327
6637	1327
6638	1328
6639	1328
6640	1328
6641	1328
6642	1328
6643	1329
6644	1329
6645	1329
6646	1329
6647	1329
6648	1330
6649	1330
6650	1330
6651	1330
6652	1330
6653	1331
6654	1331
6655	1331
6656	1331
6657	1331
6658	1332
6659	1332
6660	1332
6661	1332
6662	1332
6663	1333
6664	1333
6665	1333
6666	1333
6667	1333
6668	1334
6669	1334
6670	1334
6671	1334
6672	1334
6673	1335
6674	1335
6675	1335
6676	1335
6677	1335
6678	1336
6679	1336
6680	1336
6681	1336
6682	1336
6683	1337
6684	1337
6685	1337
6686	1337
6687	1337
6688	1338
6689	1338
6690	1338
6691	1338
6692	1338
6693	1339
6694	1339
6695	1339
6696	1339
6697	1339
6698	1340
6699	1340
6700	1340
6701	1340
6702	1340
6703	1341
6704	1341
6705	1341
6706	1341
6707	1341
6708	1342
6709	1342
6710	1342
6711	1342
6712	1342
6713	1343
6714	1343
6715	1343
6716	1343
6717	1343
6718	1344
6719	1344
6720	1344
6721	1344
6722	1344
6723	1345
6724	1345
6725	1345
6726	1345
6727	1345
6728	1346
6729	1346
6730	1346
6731	1346
6732	1346
6733	1347
6734	1347
6735	1347
6736	1347
6737	1347
6738	1348
6739	1348
6740	1348
6741	1348
6742	1348
6743	1349
6744	1349
6745	1349
6746	1349
6747	1349
6748	1350
6749	1350
6750	1350
6751	1350
6752	1350
6753	1351
6754	1351
6755	1351
6756	1351
6757	1351
6758	1352
6759	1352
6760	1352
6761	1352
6762	1352
6763	1353
6764	1353
6765	1353
6766	1353
6767	1353
6768	1354
6769	1354
6770	1354
6771	1354
6772	1354
6773	1355
6774	1355
6775	1355
6776	1355
6777	1355
6778	1356
6779	1356
6780	1356
6781	1356
6782	1356
6783	1357
6784	1357
6785	1357
6786	1357
6787	1357
6788	1358
6789	1358
6790	1358
6791	1358
6792	1358
6793	1359
6794	1359
6795	1359
6796	1359
6797	1359
6798	1360
6799	1360
6800	1360
6801	1360
6802	1360
6803	1361
6804	1361
6805	1361
6806	1361
6807	1361
6808	1362
6809	1362
6810	1362
6811	1362
6812	1362
6813	1363
6814	1363
6815	1363
6816	1363
6817	1363
6818	1364
6819	1364
6820	1364
6821	1364
6822	1364
6823	1365
6824	1365
6825	1365
6826	1365
6827	1365
6828	1366
6829	1366
6830	1366
6831	1366
6832	1366
6833	1367
6834	1367
6835	1367
6836	1367
6837	1367
6838	1368
6839	1368
6840	1368
6841	1368
6842	1368
6843	1369
6844	1369
6845	1369
6846	1369
6847	1369
6848	1370
6849	1370
6850	1370
6851	1370
6852	1370
6853	1371
6854	1371
6855	1371
6856	1371
6857	1371
6858	1372
6859	1372
6860	1372
6861	1372
6862	1372
6863	1373
6864	1373
6865	1373
6866	1373
6867	1373
6868	1374
6869	1374
6870	1374
6871	1374
6872	1374
6873	1375
6874	1375
6875	1375
6876	1375
6877	1375
6878	1376
6879	1376
6880	1376
6881	1376
6882	1376
6883	1377
6884	1377
6885	1377
6886	1377
6887	1377
6888	1378
6889	1378
6890	1378
6891	1378
6892	1378
6893	1379
6894	1379
6895	1379
6896	1379
6897	1379
6898	1380
6899	1380
6900	1380
6901	1380
6902	1380
6903	1381
6904	1381
6905	1381
6906	1381
6907	1381
6908	1382
6909	1382
6910	1382
6911	1382
6912	1382
6913	1383
6914	1383
6915	1383
6916	1383
6917	1383
6918	1384
6919	1384
6920	1384
6921	1384
6922	1384
6923	1385
6924	1385
6925	1385
6926	1385
6927	1385
6928	1386
6929	1386
6930	1386
6931	1386
6932	1386
6933	1387
6934	1387
6935	1387
6936	1387
6937	1387
6938	1388
6939	1388
6940	1388
6941	1388
6942	1388
6943	1389
6944	1389
6945	1389
6946	1389
6947	1389
6948	1390
6949	1390
6950	1390
6951	1390
6952	1390
6953	1391
6954	1391
6955	1391
6956	1391
6957	1391
6958	1392
6959	1392
6960	1392
6961	1392
6962	1392
6963	1393
6964	1393
6965	1393
6966	1393
6967	1393
6968	1394
6969	1394
6970	1394
6971	1394
6972	1394
6973	1395
6974	1395
6975	1395
6976	1395
6977	1395
6978	1396
6979	1396
6980	1396
6981	1396
6982	1396
6983	1397
6984	1397
6985	1397
6986	1397
6987	1397
6988	1398
6989	1398
6990	1398
6991	1398
6992	1398
6993	1399
6994	1399
6995	1399
6996	1399
6997	1399
6998	1400
6999	1400
7000	1400
7001	1400
7002	1400
7003	1401
7004	1401
7005	1401
7006	1401
7007	1401
7008	1402
7009	1402
7010	1402
7011	1402
7012	1402
7013	1403
7014	1403
7015	1403
7016	1403
7017	1403
7018	1404
7019	1404
7020	1404
7021	1404
7022	1404
7023	1405
7024	1405
7025	1405
7026	1405
7027	1405
7028	1406
7029	1406
7030	1406
7031	1406
7032	1406
7033	1407
7034	1407
7035	1407
7036	1407
7037	1407
7038	1408
7039	1408
7040	1408
7041	1408
7042	1408
7043	1409
7044	1409
7045	1409
7046	1409
7047	1409
7048	1410
7049	1410
7050	1410
7051	1410
7052	1410
7053	1411
7054	1411
7055	1411
7056	1411
7057	1411
7058	1412
7059	1412
7060	1412
7061	1412
7062	1412
7063	1413
7064	1413
7065	1413
7066	1413
7067	1413
7068	1414
7069	1414
7070	1414
7071	1414
7072	1414
7073	1415
7074	1415
7075	1415
7076	1415
7077	1415
7078	1416
7079	1416
7080	1416
7081	1416
7082	1416
7083	1417
7084	1417
7085	1417
7086	1417
7087	1417
7088	1418
7089	1418
7090	1418
7091	1418
7092	1418
7093	1419
7094	1419
7095	1419
7096	1419
7097	1419
7098	1420
7099	1420
7100	1420
7101	1420
7102	1420
7103	1421
7104	1421
7105	1421
7106	1421
7107	1421
7108	1422
7109	1422
7110	1422
7111	1422
7112	1422
7113	1423
7114	1423
7115	1423
7116	1423
7117	1423
7118	1424
7119	1424
7120	1424
7121	1424
7122	1424
7123	1425
7124	1425
7125	1425
7126	1425
7127	1425
7128	1426
7129	1426
7130	1426
7131	1426
7132	1426
7133	1427
7134	1427
7135	1427
7136	1427
7137	1427
7138	1428
7139	1428
7140	1428
7141	1428
7142	1428
7143	1429
7144	1429
7145	1429
7146	1429
7147	1429
7148	1430
7149	1430
7150	1430
7151	1430
7152	1430
7153	1431
7154	1431
7155	1431
7156	1431
7157	1431
7158	1432
7159	1432
7160	1432
7161	1432
7162	1432
7163	1433
7164	1433
7165	1433
7166	1433
7167	1433
7168	1434
7169	1434
7170	1434
7171	1434
7172	1434
7173	1435
7174	1435
7175	1435
7176	1435
7177	1435
7178	1436
7179	1436
7180	1436
7181	1436
7182	1436
7183	1437
7184	1437
7185	1437
7186	1437
7187	1437
7188	1438
7189	1438
7190	1438
7191	1438
7192	1438
7193	1439
7194	1439
7195	1439
7196	1439
7197	1439
7198	1440
7199	1440
7200	1440
7201	1440
7202	1440
7203	1441
7204	1441
7205	1441
7206	1441
7207	1441
7208	1442
7209	1442
7210	1442
7211	1442
7212	1442
7213	1443
7214	1443
7215	1443
7216	1443
7217	1443
7218	1444
7219	1444
7220	1444
7221	1444
7222	1444
7223	1445
7224	1445
7225	1445
7226	1445
7227	1445
7228	1446
7229	1446
7230	1446
7231	1446
7232	1446
7233	1447
7234	1447
7235	1447
7236	1447
7237	1447
7238	1448
7239	1448
7240	1448
7241	1448
7242	1448
7243	1449
7244	1449
7245	1449
7246	1449
7247	1449
7248	1450
7249	1450
7250	1450
7251	1450
7252	1450
7253	1451
7254	1451
7255	1451
7256	1451
7257	1451
7258	1452
7259	1452
7260	1452
7261	1452
7262	1452
7263	1453
7264	1453
7265	1453
7266	1453
7267	1453
7268	1454
7269	1454
7270	1454
7271	1454
7272	1454
7273	1455
7274	1455
7275	1455
7276	1455
7277	1455
7278	1456
7279	1456
7280	1456
7281	1456
7282	1456
7283	1457
7284	1457
7285	1457
7286	1457
7287	1457
7288	1458
7289	1458
7290	1458
7291	1458
7292	1458
7293	1459
7294	1459
7295	1459
7296	1459
7297	1459
7298	1460
7299	1460
7300	1460
7301	1460
7302	1460
7303	1461
7304	1461
7305	1461
7306	1461
7307	1461
7308	1462
7309	1462
7310	1462
7311	1462
7312	1462
7313	1463
7314	1463
7315	1463
7316	1463
7317	1463
7318	1464
7319	1464
7320	1464
7321	1464
7322	1464
7323	1465
7324	1465
7325	1465
7326	1465
7327	1465
7328	1466
7329	1466
7330	1466
7331	1466
7332	1466
7333	1467
7334	1467
7335	1467
7336	1467
7337	1467
7338	1468
7339	1468
7340	1468
7341	1468
7342	1468
7343	1469
7344	1469
7345	1469
7346	1469
7347	1469
7348	1470
7349	1470
7350	1470
7351	1470
7352	1470
7353	1471
7354	1471
7355	1471
7356	1471
7357	1471
7358	1472
7359	1472
7360	1472
7361	1472
7362	1472
7363	1473
7364	1473
7365	1473
7366	1473
7367	1473
7368	1474
7369	1474
7370	1474
7371	1474
7372	1474
7373	1475
7374	1475
7375	1475
7376	1475
7377	1475
7378	1476
7379	1476
7380	1476
7381	1476
7382	1476
7383	1477
7384	1477
7385	1477
7386	1477
7387	1477
7388	1478
7389	1478
7390	1478
7391	1478
7392	1478
7393	1479
7394	1479
7395	1479
7396	1479
7397	1479
7398	1480
7399	1480
7400	1480
7401	1480
7402	1480
7403	1481
7404	1481
7405	1481
7406	1481
7407	1481
7408	1482
7409	1482
7410	1482
7411	1482
7412	1482
7413	1483
7414	1483
7415	1483
7416	1483
7417	1483
7418	1484
7419	1484
7420	1484
7421	1484
7422	1484
7423	1485
7424	1485
7425	1485
7426	1485
7427	1485
7428	1486
7429	1486
7430	1486
7431	1486
7432	1486
7433	1487
7434	1487
7435	1487
7436	1487
7437	1487
7438	1488
7439	1488
7440	1488
7441	1488
7442	1488
7443	1489
7444	1489
7445	1489
7446	1489
7447	1489
7448	1490
7449	1490
7450	1490
7451	1490
7452	1490
7453	1491
7454	1491
7455	1491
7456	1491
7457	1491
7458	1492
7459	1492
7460	1492
7461	1492
7462	1492
7463	1493
7464	1493
7465	1493
7466	1493
7467	1493
7468	1494
7469	1494
7470	1494
7471	1494
7472	1494
7473	1495
7474	1495
7475	1495
7476	1495
7477	1495
7478	1496
7479	1496
7480	1496
7481	1496
7482	1496
7483	1497
7484	1497
7485	1497
7486	1497
7487	1497
7488	1498
7489	1498
7490	1498
7491	1498
7492	1498
7493	1499
7494	1499
7495	1499
7496	1499
7497	1499
7498	1500
7499	1500
7500	1500
7501	1500
7502	1500
7503	1501
7504	1501
7505	1501
7506	1501
7507	1501
7508	1502
7509	1502
7510	1502
7511	1502
7512	1502
7513	1503
7514	1503
7515	1503
7516	1503
7517	1503
7518	1504
7519	1504
7520	1504
7521	1504
7522	1504
7523	1505
7524	1505
7525	1505
7526	1505
7527	1505
7528	1506
7529	1506
7530	1506
7531	1506
7532	1506
7533	1507
7534	1507
7535	1507
7536	1507
7537	1507
7538	1508
7539	1508
7540	1508
7541	1508
7542	1508
7543	1509
7544	1509
7545	1509
7546	1509
7547	1509
7548	1510
7549	1510
7550	1510
7551	1510
7552	1510
7553	1511
7554	1511
7555	1511
7556	1511
7557	1511
7558	1512
7559	1512
7560	1512
7561	1512
7562	1512
7563	1513
7564	1513
7565	1513
7566	1513
7567	1513
7568	1514
7569	1514
7570	1514
7571	1514
7572	1514
7573	1515
7574	1515
7575	1515
7576	1515
7577	1515
7578	1516
7579	1516
7580	1516
7581	1516
7582	1516
7583	1517
7584	1517
7585	1517
7586	1517
7587	1517
7588	1518
7589	1518
7590	1518
7591	1518
7592	1518
7593	1519
7594	1519
7595	1519
7596	1519
7597	1519
7598	1520
7599	1520
7600	1520
7601	1520
7602	1520
7603	1521
7604	1521
7605	1521
7606	1521
7607	1521
7608	1522
7609	1522
7610	1522
7611	1522
7612	1522
7613	1523
7614	1523
7615	1523
7616	1523
7617	1523
7618	1524
7619	1524
7620	1524
7621	1524
7622	1524
7623	1525
7624	1525
7625	1525
7626	1525
7627	1525
7628	1526
7629	1526
7630	1526
7631	1526
7632	1526
7633	1527
7634	1527
7635	1527
7636	1527
7637	1527
7638	1528
7639	1528
7640	1528
7641	1528
7642	1528
7643	1529
7644	1529
7645	1529
7646	1529
7647	1529
7648	1530
7649	1530
7650	1530
7651	1530
7652	1530
7653	1531
7654	1531
7655	1531
7656	1531
7657	1531
7658	1532
7659	1532
7660	1532
7661	1532
7662	1532
7663	1533
7664	1533
7665	1533
7666	1533
7667	1533
7668	1534
7669	1534
7670	1534
7671	1534
7672	1534
7673	1535
7674	1535
7675	1535
7676	1535
7677	1535
7678	1536
7679	1536
7680	1536
7681	1536
7682	1536
7683	1537
7684	1537
7685	1537
7686	1537
7687	1537
7688	1538
7689	1538
7690	1538
7691	1538
7692	1538
7693	1539
7694	1539
7695	1539
7696	1539
7697	1539
7698	1540
7699	1540
7700	1540
7701	1540
7702	1540
7703	1541
7704	1541
7705	1541
7706	1541
7707	1541
7708	1542
7709	1542
7710	1542
7711	1542
7712	1542
7713	1543
7714	1543
7715	1543
7716	1543
7717	1543
7718	1544
7719	1544
7720	1544
7721	1544
7722	1544
7723	1545
7724	1545
7725	1545
7726	1545
7727	1545
7728	1546
7729	1546
7730	1546
7731	1546
7732	1546
7733	1547
7734	1547
7735	1547
7736	1547
7737	1547
7738	1548
7739	1548
7740	1548
7741	1548
7742	1548
7743	1549
7744	1549
7745	1549
7746	1549
7747	1549
7748	1550
7749	1550
7750	1550
7751	1550
7752	1550
7753	1551
7754	1551
7755	1551
7756	1551
7757	1551
7758	1552
7759	1552
7760	1552
7761	1552
7762	1552
7763	1553
7764	1553
7765	1553
7766	1553
7767	1553
7768	1554
7769	1554
7770	1554
7771	1554
7772	1554
7773	1555
7774	1555
7775	1555
7776	1555
7777	1555
7778	1556
7779	1556
7780	1556
7781	1556
7782	1556
7783	1557
7784	1557
7785	1557
7786	1557
7787	1557
7788	1558
7789	1558
7790	1558
7791	1558
7792	1558
7793	1559
7794	1559
7795	1559
7796	1559
7797	1559
7798	1560
7799	1560
7800	1560
7801	1560
7802	1560
7803	1561
7804	1561
7805	1561
7806	1561
7807	1561
7808	1562
7809	1562
7810	1562
7811	1562
7812	1562
